 	Area	Mean	X	Y	Median	R	Theta
1	0	254	256	256	254	512.000	270.000
2	0	163	263	256	163	72.408	351.870
3	0	163	249	256	163	72.408	188.130
4	0	149	224	277	149	13.185	214.509
5	0	149	282	256	149	19.678	357.797
6	0	149	230	256	149	19.678	182.203
7	0	149	288	235	149	13.568	32.005
8	0	147	255	262	147	72.408	261.870
9	0	147	257	250	147	100.411	78.690
10	0	146	258	262	146	70.329	285.945
11	0	146	255	250	146	100.411	101.310
12	0	140	288	256	140	15.992	358.210
13	0	140	224	256	140	15.992	181.790
14	0	134	191	278	134	7.426	199.486
15	0	134	321	235	134	7.529	17.103
16	0	132	263	262	132	51.720	315.000
17	0	132	249	250	132	59.519	144.462
18	0	126	257	387	126	3.879	270.434
19	0	126	255	125	126	3.938	90.441
20	0	125	203	300	125	7.364	220.333
21	0	125	309	212	125	7.502	39.053
22	0	124	255	387	124	3.879	269.566
23	0	124	257	125	124	3.938	89.559
24	0	123	254	311	123	9.137	267.955
25	0	123	258	201	123	9.475	87.879
26	0	117	258	329	117	6.916	271.548
27	0	117	493	256	117	2.160	359.758
28	0	117	19	256	117	2.160	180.242
29	0	117	254	183	117	7.108	91.591
30	0	115	257	357	115	5.019	270.562
31	0	115	255	155	115	5.120	90.573
32	0	114	257	339	114	6.095	270.682
33	0	114	255	173	114	6.243	90.699
34	0	111	255	424	111	3.030	269.661
35	0	111	257	88	111	3.066	89.657
36	0	110	305	367	110	4.188	293.629
37	0	110	207	146	110	4.284	114.206
38	0	108	210	425	108	2.907	254.859
39	0	108	302	87	108	2.939	74.687
40	0	107	347	506	107	1.918	289.928
41	0	107	284	476	107	2.298	277.221
42	0	107	232	468	107	2.389	263.571
43	0	107	192	388	107	3.469	244.303
44	0	107	311	387	107	3.580	292.620
45	0	107	332	362	107	3.901	305.385
46	0	107	325	327	107	5.134	313.781
47	0	107	187	185	107	5.209	134.588
48	0	107	180	150	107	3.950	125.897
49	0	107	201	125	107	3.627	112.932
50	0	107	320	124	107	3.512	63.962
51	0	107	280	44	107	2.411	83.511
52	0	107	228	36	107	2.319	97.286
53	0	107	165	6	107	1.931	110.075
54	0	106	321	443	106	2.574	289.073
55	0	106	170	417	106	2.792	242.038
56	0	106	283	400	106	3.471	280.548
57	0	106	144	324	106	3.892	211.636
58	0	106	368	189	106	3.938	30.510
59	0	106	229	112	106	3.518	100.692
60	0	106	342	95	106	2.819	61.742
61	0	106	191	69	106	2.599	109.263
62	0	105	158	510	105	1.874	248.978
63	0	105	367	478	105	2.055	296.462
64	0	105	145	34	105	2.070	116.669
65	0	105	328	32	105	2.185	72.106
66	0	104	183	489	104	2.089	252.674
67	0	104	291	437	104	2.763	280.886
68	0	104	221	75	104	2.792	101.004
69	0	104	329	23	104	2.105	72.534
70	0	103	360	354	103	3.566	316.411
71	0	103	152	158	103	3.600	136.995
72	0	102	335	488	102	2.081	288.730
73	0	102	79	365	102	2.457	211.860
74	0	102	433	147	102	2.469	31.390
75	0	102	177	24	102	2.097	108.880
76	0	101	428	488	101	1.768	306.435
77	0	101	74	469	101	1.823	229.620
78	0	101	463	466	101	1.732	314.452
79	0	101	39	398	101	1.970	213.384
80	0	101	473	114	101	1.978	33.015
81	0	101	49	46	101	1.741	134.725
82	0	101	438	43	101	1.832	49.354
83	0	101	84	24	101	1.778	126.671
84	0	100	458	462	100	1.770	314.300
85	0	100	65	437	100	1.941	223.618
86	0	100	16	435	100	1.707	216.870
87	0	100	41	296	100	2.339	190.797
88	0	100	471	216	100	2.343	10.281
89	0	100	496	77	100	1.713	36.563
90	0	100	447	75	100	1.951	43.302
91	0	100	54	50	100	1.779	134.578
92	0	99	29	509	99	1.503	228.213
93	0	99	39	460	99	1.715	223.371
94	0	99	473	52	99	1.723	43.091
95	0	99	483	3	99	1.510	47.988
96	0	98	1	194	98	1.953	166.547
