 	Area	Mean	X	Y	Median	R	Theta
1	0	254	256	256	254	512.000	270.000
2	0	151	276	256	151	25.568	357.138
3	0	151	236	256	151	25.568	182.862
4	0	148	257	262	148	72.408	278.130
5	0	148	255	262	148	72.408	261.870
6	0	148	257	250	148	100.411	78.690
7	0	148	255	250	148	100.411	101.310
8	0	146	212	279	146	10.216	208.610
9	0	146	200	279	146	8.404	203.199
10	0	146	313	233	146	8.380	21.105
11	0	146	300	233	146	10.408	26.565
12	0	141	258	275	141	25.473	275.711
13	0	141	288	256	141	15.992	358.210
14	0	141	224	256	141	15.992	181.790
15	0	141	254	237	141	28.270	96.340
16	0	139	293	256	139	13.833	358.452
17	0	139	219	256	139	13.833	181.548
18	0	135	326	256	135	7.314	359.182
19	0	135	186	256	135	7.314	180.818
20	0	129	204	301	129	7.375	221.496
21	0	129	308	211	129	7.516	40.236
22	0	128	257	387	128	3.879	270.434
23	0	128	255	125	128	3.938	90.441
24	0	127	374	256	127	4.339	359.514
25	0	127	138	256	127	4.339	180.486
26	0	126	255	387	126	3.879	269.566
27	0	126	182	279	126	6.581	197.969
28	0	126	330	233	126	6.632	16.557
29	0	126	257	125	126	3.938	89.559
30	0	124	160	302	124	4.790	206.086
31	0	124	254	298	124	11.894	267.337
32	0	124	258	214	124	12.473	87.207
33	0	124	352	210	124	4.829	25.115
34	0	123	224	313	123	7.729	241.113
35	0	123	151	302	123	4.451	204.114
36	0	123	361	210	123	4.482	23.199
37	0	123	288	199	123	7.938	60.255
38	0	119	493	256	119	2.160	359.758
39	0	119	457	256	119	2.547	359.715
40	0	119	55	256	119	2.547	180.285
41	0	119	19	256	119	2.160	180.242
42	0	117	196	313	117	6.135	224.029
43	0	117	485	256	117	2.236	359.750
44	0	117	27	256	117	2.236	180.250
45	0	117	316	199	117	6.238	43.025
46	0	114	489	256	114	2.197	359.754
47	0	114	23	256	114	2.197	180.246
48	0	113	257	429	113	2.942	270.329
49	0	113	255	413	113	3.240	269.637
50	0	113	257	99	113	3.282	89.633
51	0	113	255	83	113	2.977	90.333
52	0	110	254	490	110	2.179	269.512
53	0	110	258	22	110	2.197	89.508
54	0	108	134	368	108	3.079	222.807
55	0	108	130	339	108	3.381	213.690
56	0	108	431	281	108	2.894	351.549
57	0	108	81	231	108	2.899	172.191
58	0	108	382	173	108	3.406	33.056
59	0	108	378	144	108	3.104	42.297
60	0	107	225	498	107	2.090	262.730
61	0	107	287	14	107	2.107	82.670
62	0	105	330	509	105	1.935	286.243
63	0	105	423	412	105	2.234	316.768
64	0	105	429	324	105	2.749	338.256
65	0	105	83	188	105	2.760	158.829
66	0	105	89	101	105	2.254	137.319
67	0	105	182	3	105	1.949	106.365
68	0	104	74	499	104	1.682	233.281
69	0	104	16	322	104	2.055	195.598
70	0	104	496	191	104	2.061	14.931
71	0	104	438	13	104	1.691	53.054
72	0	103	490	500	103	1.511	313.684
73	0	103	464	303	103	2.399	347.005
74	0	103	48	209	103	2.403	167.530
75	0	103	22	12	103	1.518	133.919
