 	Area	Mean	X	Y	Median	R	Theta
1	0	254	256	256	254	512.000	270.000
2	0	148	221	279	148	12.065	214.439
3	0	148	292	233	148	12.136	31.430
4	0	147	207	279	147	9.384	206.095
5	0	147	305	233	147	9.532	24.179
6	0	143	255	262	143	72.408	261.870
7	0	143	257	250	143	100.411	78.690
8	0	131	309	256	131	9.659	358.919
9	0	131	203	256	131	9.659	181.081
10	0	129	326	256	129	7.314	359.182
11	0	129	186	256	129	7.314	180.818
12	0	127	257	387	127	3.879	270.434
13	0	127	255	125	127	3.938	90.441
14	0	126	162	304	126	4.830	207.532
15	0	126	335	256	126	6.480	359.275
16	0	126	177	256	126	6.480	180.725
17	0	126	350	208	126	4.872	26.565
18	0	122	255	387	122	3.879	269.566
19	0	122	254	298	122	11.894	267.337
20	0	122	258	214	122	12.473	87.207
21	0	122	257	126	122	3.969	89.556
22	0	120	374	256	120	4.339	359.514
23	0	120	138	256	120	4.339	180.486
24	0	119	254	311	119	9.137	267.955
25	0	119	257	293	119	13.469	271.507
26	0	119	255	219	119	14.217	91.591
27	0	119	258	201	119	9.475	87.879
28	0	118	257	324	118	7.420	270.830
29	0	118	255	188	118	7.641	90.855
30	0	117	254	344	117	5.751	268.713
31	0	117	257	316	117	8.392	270.939
32	0	117	370	256	117	4.491	359.497
33	0	117	142	256	117	4.491	180.503
34	0	117	255	196	117	8.677	90.971
35	0	117	258	168	117	5.884	88.683
36	0	115	217	326	115	6.321	241.220
37	0	115	295	186	115	6.460	60.524
38	0	114	493	256	114	2.160	359.758
39	0	114	408	256	114	3.368	359.623
40	0	114	104	256	114	3.368	180.377
41	0	114	19	256	114	2.160	180.242
42	0	112	264	387	112	3.872	273.468
43	0	112	472	256	112	2.370	359.735
44	0	112	454	256	112	2.586	359.711
45	0	112	430	256	112	2.942	359.671
46	0	112	82	256	112	2.942	180.329
47	0	112	67	256	112	2.709	180.303
48	0	112	40	256	112	2.370	180.265
49	0	112	248	125	112	3.931	93.521
50	0	111	257	403	111	3.459	270.387
51	0	111	255	109	111	3.507	90.392
52	0	109	269	415	109	3.189	274.645
53	0	109	243	97	109	3.230	94.704
54	0	108	276	406	108	3.361	277.545
55	0	108	199	371	108	3.961	243.831
56	0	108	313	141	108	4.017	63.435
57	0	108	236	106	108	3.406	97.645
58	0	107	255	462	107	2.473	269.723
59	0	107	188	431	107	2.714	248.875
60	0	107	227	422	107	3.021	260.149
61	0	107	285	90	107	3.056	80.032
62	0	107	324	81	107	2.741	68.654
63	0	107	257	50	107	2.498	89.721
64	0	106	357	302	106	4.596	335.045
65	0	106	347	279	106	5.440	345.225
66	0	106	165	233	106	5.469	166.409
67	0	106	155	210	106	4.630	155.985
68	0	105	342	449	105	2.413	293.908
69	0	105	170	63	105	2.434	114.128
70	0	105	323	1	105	1.949	75.223
71	0	104	183	474	104	2.218	251.565
72	0	104	313	417	104	2.981	289.385
73	0	104	143	402	104	2.761	232.450
74	0	104	371	346	104	3.491	321.645
75	0	104	141	166	104	3.521	142.263
76	0	104	360	130	104	3.149	50.240
77	0	104	199	95	104	3.014	109.608
78	0	104	329	38	104	2.236	71.407
79	0	103	327	492	103	2.069	286.677
80	0	103	405	490	103	1.840	302.376
81	0	103	307	344	103	4.991	299.814
82	0	103	205	168	103	5.077	120.379
83	0	103	107	22	103	1.851	122.598
84	0	103	185	20	103	2.086	106.811
85	0	102	135	476	102	2.032	241.299
86	0	102	24	301	102	2.165	191.215
87	0	102	488	211	102	2.168	10.739
88	0	102	377	36	102	2.046	61.079
89	0	101	106	464	101	1.990	234.333
90	0	101	406	48	101	2.003	54.071
91	0	100	432	371	100	2.429	326.611
92	0	100	80	141	100	2.442	147.068
93	0	99	17	497	99	1.505	225.357
94	0	99	498	476	99	1.562	317.597
95	0	99	465	449	99	1.795	317.132
96	0	99	78	419	99	2.115	222.656
97	0	99	69	382	99	2.265	214.182
98	0	99	443	130	99	2.276	33.761
99	0	99	434	93	99	2.127	42.306
100	0	99	47	63	99	1.804	137.428
101	0	99	14	36	99	1.569	137.856
102	0	99	495	15	99	1.512	45.120
103	0	98	460	464	98	1.753	314.306
104	0	98	503	331	98	1.981	342.897
105	0	98	52	48	98	1.762	134.582
106	0	97	506	495	97	1.477	316.169
107	0	97	6	18	97	1.486	136.529
108	0	95	2	415	95	1.706	212.208
109	0	95	510	97	95	1.712	31.884
110	0	94	462	302	94	2.423	347.148
111	0	94	50	211	94	2.431	167.943
