 	Area	Mean	X	Y	Median	R	Theta
1	0	254	256	256	254	512.000	270.000
2	0	147	257	262	147	72.408	278.130
3	0	147	255	262	147	72.408	261.870
4	0	147	257	250	147	100.411	78.690
5	0	147	255	250	147	100.411	101.310
6	0	146	211	279	146	10.039	208.072
7	0	146	301	233	146	10.222	26.053
8	0	144	284	256	144	18.274	357.955
9	0	144	228	256	144	18.274	182.045
10	0	141	257	275	141	25.568	272.862
11	0	141	255	237	141	28.401	93.180
12	0	140	294	256	140	13.469	358.493
13	0	140	218	256	140	13.469	181.507
14	0	137	301	256	137	11.375	358.727
15	0	137	211	256	137	11.375	181.273
16	0	133	326	256	133	7.314	359.182
17	0	133	186	256	133	7.314	180.818
18	0	125	257	293	125	13.469	271.507
19	0	125	255	219	125	14.217	91.591
20	0	122	257	387	122	3.879	270.434
21	0	122	255	387	122	3.879	269.566
22	0	122	255	126	122	3.969	90.444
23	0	122	257	125	122	3.938	89.559
24	0	119	493	256	119	2.160	359.758
25	0	119	19	256	119	2.160	180.242
26	0	117	485	256	117	2.236	359.750
27	0	117	482	256	117	2.265	359.746
28	0	117	30	256	117	2.265	180.254
29	0	117	27	256	117	2.236	180.250
30	0	115	257	370	115	4.452	270.498
31	0	115	258	357	115	5.019	271.123
32	0	115	254	155	115	5.119	91.146
33	0	115	255	142	115	4.531	90.507
34	0	114	457	256	114	2.547	359.715
35	0	114	55	256	114	2.547	180.285
36	0	112	215	329	112	6.052	241.011
37	0	112	297	184	112	6.245	59.995
38	0	111	209	334	111	5.570	239.250
39	0	111	303	178	111	5.676	58.601
40	0	110	263	465	110	2.437	271.909
41	0	110	255	434	110	2.860	269.680
42	0	110	257	78	110	2.893	89.676
43	0	110	249	47	110	2.460	91.927
44	0	109	288	504	109	2.039	277.323
45	0	109	223	400	109	3.443	257.179
46	0	109	289	112	109	3.489	77.005
47	0	109	224	8	109	2.056	97.382
48	0	108	311	457	108	2.446	285.231
49	0	108	330	426	108	2.748	293.400
50	0	108	357	404	108	2.844	304.131
51	0	108	155	108	108	2.871	124.492
52	0	108	182	86	108	2.775	113.647
53	0	108	201	56	108	2.480	105.450
54	0	106	382	483	106	1.965	298.926
55	0	106	87	290	106	2.967	191.701
56	0	106	425	222	106	2.973	11.049
57	0	106	130	29	106	1.979	119.141
58	0	105	403	505	105	1.765	300.456
59	0	105	166	504	105	1.934	250.128
60	0	105	279	455	105	2.543	276.560
61	0	105	111	447	105	2.128	232.940
62	0	105	388	347	105	3.182	325.125
63	0	105	124	165	105	3.205	145.713
64	0	105	401	65	105	2.142	52.651
65	0	105	233	57	105	2.569	96.626
66	0	105	110	11	105	1.801	120.895
67	0	105	346	8	105	1.948	69.980
68	0	104	141	467	104	2.123	241.522
69	0	104	371	45	104	2.138	61.294
70	0	103	109	398	103	2.497	224.210
71	0	103	403	114	103	2.514	43.807
72	0	102	72	426	102	2.038	222.903
73	0	102	35	312	102	2.243	194.462
74	0	102	477	200	102	2.248	13.975
75	0	102	440	86	102	2.049	42.567
76	0	101	58	498	101	1.633	230.826
77	0	101	42	496	101	1.589	228.396
78	0	101	39	416	101	1.895	216.573
79	0	101	116	285	101	3.576	192.095
80	0	101	506	280	101	2.038	354.289
81	0	101	6	232	101	2.039	174.744
82	0	101	396	227	101	3.586	11.310
83	0	101	473	96	101	1.903	36.231
84	0	101	470	16	101	1.596	48.159
85	0	101	454	15	101	1.646	50.477
86	0	100	510	471	100	1.536	319.622
87	0	100	14	450	100	1.647	218.861
88	0	100	37	430	100	1.826	218.628
89	0	100	475	82	100	1.835	38.307
90	0	100	498	62	100	1.654	38.573
91	0	100	2	41	100	1.542	139.885
92	0	99	453	472	99	1.747	312.234
93	0	99	59	41	99	1.760	132.631
