 	Area	Mean	X	Y	Median	R	Theta
1	0	254	256	256	254	512.000	270.000
2	0	150	255	262	150	72.408	261.870
3	0	150	257	250	150	100.411	78.690
4	0	147	217	278	147	11.308	210.530
5	0	147	295	234	147	11.559	28.301
6	0	144	211	278	144	10.131	207.072
7	0	144	284	256	144	18.274	357.955
8	0	144	228	256	144	18.274	182.045
9	0	144	301	234	144	10.310	25.017
10	0	143	228	277	143	14.378	218.157
11	0	143	284	235	143	14.880	35.538
12	0	142	297	256	142	12.484	358.603
13	0	142	293	256	142	13.833	358.452
14	0	142	219	256	142	13.833	181.548
15	0	142	215	256	142	12.484	181.397
16	0	127	257	387	127	3.879	270.434
17	0	127	255	125	127	3.938	90.441
18	0	125	374	256	125	4.339	359.514
19	0	125	138	256	125	4.339	180.486
20	0	124	194	299	124	6.735	215.362
21	0	124	318	213	124	6.837	34.114
22	0	123	180	278	123	6.448	196.837
23	0	123	332	234	123	6.494	15.446
24	0	120	493	256	120	2.160	359.758
25	0	120	469	256	120	2.404	359.731
26	0	120	43	256	120	2.404	180.269
27	0	120	19	256	120	2.160	180.242
28	0	118	461	256	118	2.498	359.721
29	0	118	51	256	118	2.498	180.279
30	0	117	255	349	117	5.447	269.390
31	0	117	257	163	117	5.565	89.377
32	0	116	457	256	116	2.547	359.715
33	0	116	55	256	116	2.547	180.285
34	0	112	257	439	112	2.783	270.311
35	0	112	255	73	112	2.813	90.315
36	0	110	257	506	110	2.040	270.228
37	0	110	257	460	110	2.498	270.279
38	0	110	255	52	110	2.522	90.282
39	0	110	255	6	110	2.056	90.230
40	0	108	178	505	108	1.955	252.672
41	0	108	336	496	108	2.016	288.364
42	0	108	240	448	108	2.644	265.261
43	0	108	272	65	108	2.685	85.186
44	0	108	176	16	108	2.031	108.507
45	0	108	334	7	108	1.969	72.541
46	0	107	178	439	107	2.562	247.027
47	0	107	373	374	107	3.068	314.514
48	0	107	379	341	107	3.411	325.039
49	0	107	133	171	107	3.437	145.670
50	0	107	139	138	107	3.094	135.000
51	0	107	334	73	107	2.586	66.801
52	0	106	96	382	106	2.506	218.441
53	0	106	133	341	106	3.411	214.961
54	0	106	379	171	106	3.437	34.330
55	0	106	416	130	106	2.522	37.999
56	0	104	378	438	104	2.328	303.690
57	0	104	97	317	104	3.000	201.303
58	0	104	415	195	104	3.013	20.674
59	0	104	134	74	104	2.346	123.981
60	0	103	435	454	103	1.913	311.971
61	0	103	451	311	103	2.524	343.977
62	0	103	61	201	103	2.530	164.521
63	0	103	77	58	103	1.924	132.259
64	0	102	72	460	102	1.859	228.090
65	0	102	490	416	102	1.803	325.471
66	0	102	22	96	102	1.810	145.804
67	0	102	440	52	102	1.869	47.811
68	0	101	465	399	101	2.017	325.433
69	0	101	47	113	101	2.026	145.807
70	0	99	14	368	99	1.917	205.030
71	0	99	498	144	99	1.923	24.640
