 	Area	Mean	X	Y	Median	R	Theta
1	0	254	256	256	254	512.000	270.000
2	0	171	260	256	171	124.178	345.964
3	0	171	252	256	171	124.178	194.036
4	0	150	207	279	150	9.384	206.095
5	0	150	305	234	150	9.604	23.199
6	0	145	293	256	145	13.833	358.452
7	0	145	219	256	145	13.833	181.548
8	0	140	326	256	140	7.314	359.182
9	0	140	186	256	140	7.314	180.818
10	0	137	255	293	137	13.469	268.493
11	0	137	257	219	137	14.217	88.409
12	0	130	408	256	130	3.368	359.623
13	0	130	104	256	130	3.368	180.377
14	0	129	255	387	129	3.879	269.566
15	0	129	257	125	129	3.938	89.559
16	0	128	257	386	128	3.908	270.437
17	0	128	255	126	128	3.969	90.444
18	0	127	493	256	127	2.160	359.758
19	0	127	419	256	127	3.141	359.648
20	0	127	93	256	127	3.141	180.352
21	0	127	19	256	127	2.160	180.242
22	0	125	485	256	125	2.236	359.750
23	0	125	27	256	125	2.236	180.250
24	0	124	257	347	124	5.565	270.623
25	0	124	461	256	124	2.498	359.721
26	0	124	51	256	124	2.498	180.279
27	0	124	255	165	124	5.689	90.637
28	0	123	509	256	123	2.024	359.774
29	0	123	3	256	123	2.024	180.226
30	0	116	153	480	116	2.069	245.403
31	0	116	137	359	116	3.240	221.152
32	0	116	375	153	116	3.267	40.601
33	0	116	359	32	116	2.084	65.209
34	0	113	20	424	113	1.764	215.607
35	0	113	492	88	113	1.771	35.284
