 	Area	Mean	X	Y	Median	R	Theta
1	0	254	256	256	254	512.000	270.000
2	0	151	212	278	151	10.312	207.597
3	0	151	300	234	151	10.502	25.514
4	0	148	255	262	148	72.408	261.870
5	0	148	257	250	148	100.411	78.690
6	0	141	293	256	141	13.833	358.452
7	0	141	219	256	141	13.833	181.548
8	0	140	288	256	140	15.992	358.210
9	0	140	224	256	140	15.992	181.790
10	0	135	303	256	135	10.891	358.781
11	0	135	209	256	135	10.891	181.219
12	0	134	326	256	134	7.314	359.182
13	0	134	186	256	134	7.314	180.818
14	0	131	236	292	131	12.173	241.607
15	0	131	276	220	131	12.701	60.255
16	0	129	255	288	129	15.508	268.264
17	0	129	257	227	129	18.274	87.955
18	0	126	257	386	126	3.908	270.437
19	0	126	257	306	126	10.037	271.123
20	0	126	374	256	126	4.339	359.514
21	0	126	138	256	126	4.339	180.486
22	0	126	255	206	126	10.447	91.169
23	0	126	255	126	126	3.969	90.444
24	0	125	255	388	125	3.850	269.569
25	0	125	257	125	125	3.938	89.559
26	0	124	358	256	124	5.019	359.438
27	0	124	154	256	124	5.019	180.562
28	0	123	158	302	123	4.711	205.622
29	0	123	354	210	123	4.748	24.664
30	0	119	485	256	119	2.236	359.750
31	0	119	427	256	119	2.994	359.665
32	0	119	85	256	119	2.994	180.335
33	0	119	27	256	119	2.236	180.250
34	0	118	257	380	118	4.096	270.458
35	0	118	257	347	118	5.565	270.623
36	0	118	461	256	118	2.498	359.721
37	0	118	51	256	118	2.498	180.279
38	0	118	257	168	118	5.885	89.341
39	0	118	255	132	118	4.162	90.466
40	0	117	493	256	117	2.160	359.758
41	0	117	454	256	117	2.586	359.711
42	0	117	58	256	117	2.586	180.289
43	0	117	19	256	117	2.160	180.242
44	0	116	215	346	116	5.130	245.746
45	0	116	457	256	116	2.547	359.715
46	0	116	55	256	116	2.547	180.285
47	0	116	297	166	116	5.225	65.266
48	0	113	255	418	113	3.141	269.648
49	0	113	257	94	113	3.180	89.644
50	0	112	258	480	112	2.275	270.509
51	0	112	300	370	112	4.158	290.937
52	0	112	131	303	112	3.824	201.007
53	0	112	381	209	112	3.844	20.204
54	0	112	212	142	112	4.222	111.275
55	0	112	254	32	112	2.296	90.514
56	0	112	258	1	112	2.016	89.549
57	0	111	301	443	111	2.649	283.461
58	0	111	172	423	111	2.726	243.435
59	0	111	340	90	111	2.765	63.020
60	0	111	211	70	111	2.689	103.671
61	0	110	357	487	110	2.023	293.526
62	0	110	155	25	110	2.038	113.708
63	0	108	306	505	108	2.008	281.310
64	0	108	364	342	108	3.692	321.147
65	0	108	148	170	108	3.725	141.796
66	0	108	206	7	108	2.024	101.399
67	0	106	401	428	106	2.268	309.968
68	0	106	111	84	106	2.284	130.296
69	0	105	83	321	105	2.765	200.882
70	0	105	429	191	105	2.776	20.302
71	0	104	43	507	104	1.552	229.794
72	0	104	469	5	104	1.559	49.569
73	0	103	10	435	103	1.680	216.193
74	0	103	474	371	103	2.073	331.982
75	0	103	38	141	103	2.081	152.393
76	0	103	502	77	103	1.686	35.889
77	0	102	446	441	102	1.926	315.610
78	0	102	510	429	102	1.663	325.587
79	0	102	11	375	102	1.877	206.095
80	0	102	501	137	102	1.883	25.717
81	0	102	2	83	102	1.669	145.896
82	0	102	66	71	102	1.936	135.919
