 	Area	Mean	X	Y	Median	R	Theta
1	0	254	256	256	254	512.000	270.000
2	0	159	276	256	159	25.568	357.138
3	0	159	236	256	159	25.568	182.862
4	0	155	257	262	155	72.408	278.130
5	0	155	255	250	155	100.411	101.310
6	0	154	220	278	154	11.985	212.574
7	0	154	292	234	154	12.285	30.256
8	0	150	284	256	150	18.274	357.955
9	0	150	228	256	150	18.274	182.045
10	0	149	255	265	149	50.946	264.289
11	0	149	257	247	149	63.506	82.875
12	0	147	288	256	147	15.992	358.210
13	0	147	224	256	147	15.992	181.790
14	0	146	294	256	146	13.469	358.493
15	0	146	219	256	146	13.833	181.548
16	0	131	257	386	131	3.908	270.437
17	0	131	255	126	131	3.969	90.444
18	0	129	493	256	129	2.160	359.758
19	0	129	19	256	129	2.160	180.242
20	0	125	457	256	125	2.547	359.715
21	0	125	55	256	125	2.547	180.285
22	0	122	257	429	122	2.942	270.329
23	0	122	255	83	122	2.977	90.333
24	0	119	255	506	119	2.040	269.772
25	0	119	285	497	119	2.101	276.833
26	0	119	227	15	119	2.118	96.890
27	0	119	257	6	119	2.056	89.770
28	0	118	206	482	118	2.203	257.578
29	0	118	306	30	118	2.221	77.471
30	0	114	427	453	114	1.957	310.815
31	0	114	85	59	114	1.968	131.103
32	0	109	7	503	109	1.457	224.885
33	0	109	505	9	109	1.463	44.653
