 	Area	Mean	X	Y	Median	R	Theta
1	0	254	256	256	254	512.000	270.000
2	0	167	260	256	167	124.178	345.964
3	0	167	252	256	167	124.178	194.036
4	0	154	276	256	154	25.568	357.138
5	0	154	236	256	154	25.568	182.862
6	0	143	288	256	143	15.992	358.210
7	0	143	224	256	143	15.992	181.790
8	0	134	326	256	134	7.314	359.182
9	0	134	186	256	134	7.314	180.818
10	0	131	257	387	131	3.879	270.434
11	0	131	255	125	131	3.938	90.441
12	0	127	257	308	127	9.659	271.081
13	0	127	255	204	127	10.037	91.123
14	0	124	255	387	124	3.879	269.566
15	0	124	257	125	124	3.938	89.559
16	0	122	151	305	122	4.403	205.463
17	0	122	361	207	122	4.435	24.567
18	0	121	493	256	121	2.160	359.758
19	0	121	19	256	121	2.160	180.242
20	0	120	485	256	120	2.236	359.750
21	0	120	457	256	120	2.547	359.715
22	0	120	55	256	120	2.547	180.285
23	0	120	27	256	120	2.236	180.250
24	0	117	509	256	117	2.024	359.774
25	0	117	3	256	117	2.024	180.226
26	0	115	314	389	115	3.507	293.405
27	0	115	198	123	115	3.551	113.720
28	0	114	257	444	114	2.709	270.303
29	0	114	340	272	114	5.974	348.559
30	0	114	172	240	114	6.000	169.875
31	0	114	255	68	114	2.738	90.306
32	0	113	258	483	113	2.246	270.503
33	0	113	257	454	113	2.573	270.288
34	0	113	156	349	113	3.731	223.229
35	0	113	354	184	113	4.231	35.923
36	0	113	255	58	113	2.599	90.291
37	0	113	254	29	113	2.265	90.507
38	0	110	199	478	110	2.224	255.662
39	0	110	313	34	110	2.243	75.538
40	0	108	106	498	108	1.793	238.314
41	0	108	406	14	108	1.804	58.102
42	0	107	62	447	107	1.876	224.703
43	0	107	73	306	107	2.695	195.573
44	0	107	439	206	107	2.703	14.990
45	0	107	450	65	107	1.886	44.403
46	0	106	21	409	106	1.822	213.238
47	0	106	491	103	106	1.829	32.895
48	0	105	7	508	105	1.442	225.457
49	0	105	487	346	105	2.062	338.499
50	0	105	25	166	105	2.068	158.929
51	0	105	505	4	105	1.448	45.229
52	0	103	73	508	103	1.640	234.121
53	0	103	439	4	103	1.648	53.905
54	0	102	470	323	102	2.280	342.372
55	0	102	42	189	102	2.286	162.860
