 	Area	Mean	X	Y	Median	R	Theta
1	0	254	256	256	254	512.000	270.000
2	0	155	276	256	155	25.568	357.138
3	0	155	236	256	155	25.568	182.862
4	0	152	257	262	152	72.408	278.130
5	0	152	255	250	152	100.411	101.310
6	0	151	228	277	151	14.378	218.157
7	0	151	211	277	151	10.222	206.053
8	0	151	284	256	151	18.274	357.955
9	0	151	228	256	151	18.274	182.045
10	0	151	301	235	151	10.397	23.962
11	0	151	284	235	151	14.880	35.538
12	0	150	255	262	150	72.408	261.870
13	0	150	257	250	150	100.411	78.690
14	0	145	293	256	145	13.833	358.452
15	0	145	219	256	145	13.833	181.548
16	0	140	306	256	140	10.238	358.854
17	0	140	206	256	140	10.238	181.146
18	0	135	255	291	135	14.217	268.409
19	0	135	257	221	135	15.052	88.315
20	0	132	257	387	132	3.879	270.434
21	0	132	255	125	132	3.938	90.441
22	0	129	182	298	129	5.982	210.160
23	0	129	330	214	129	6.052	28.989
24	0	127	255	386	127	3.908	269.563
25	0	127	257	126	127	3.969	89.556
26	0	126	427	256	126	2.994	359.665
27	0	126	85	256	126	2.994	180.335
28	0	125	493	256	125	2.160	359.758
29	0	125	19	256	125	2.160	180.242
30	0	124	485	256	124	2.236	359.750
31	0	124	457	256	124	2.547	359.715
32	0	124	55	256	124	2.547	180.285
33	0	124	27	256	124	2.236	180.250
34	0	116	284	504	116	2.043	276.416
35	0	116	228	8	116	2.060	96.467
36	0	115	343	391	115	3.171	302.607
37	0	115	169	121	115	3.205	122.994
38	0	114	379	496	114	1.892	297.039
39	0	114	219	490	114	2.152	261.052
40	0	114	140	472	114	2.081	241.873
41	0	114	372	40	114	2.096	61.652
42	0	114	293	22	114	2.170	80.977
43	0	114	133	16	114	1.905	117.232
44	0	111	51	297	111	2.447	191.578
45	0	111	461	215	111	2.451	11.041
46	0	111	345	1	111	1.902	70.690
47	0	108	14	312	108	2.059	193.254
48	0	108	498	200	108	2.063	12.804
