 	Area	Mean	X	Y	Median	R	Theta
1	0	254	256	256	254	512.000	270.000
2	0	156	276	256	156	25.568	357.138
3	0	156	236	256	156	25.568	182.862
4	0	151	218	281	151	11.120	214.380
5	0	151	284	256	151	18.274	357.955
6	0	151	228	256	151	18.274	182.045
7	0	151	296	232	151	11.096	29.899
8	0	149	257	262	149	72.408	278.130
9	0	149	254	262	149	70.329	254.055
10	0	149	258	250	149	95.076	68.199
11	0	149	255	250	149	100.411	101.310
12	0	141	294	256	141	13.469	358.493
13	0	141	218	256	141	13.469	181.507
14	0	140	254	278	140	22.177	265.030
15	0	140	258	234	140	24.271	84.560
16	0	139	288	256	139	15.992	358.210
17	0	139	224	256	139	15.992	181.790
18	0	134	326	256	134	7.314	359.182
19	0	134	186	256	134	7.314	180.818
20	0	133	257	387	133	3.879	270.434
21	0	133	255	125	133	3.938	90.441
22	0	132	171	309	132	5.084	212.428
23	0	132	341	203	132	5.138	31.457
24	0	131	255	386	131	3.908	269.563
25	0	131	257	126	131	3.969	89.556
26	0	124	255	321	124	7.757	269.132
27	0	124	285	299	124	9.716	303.389
28	0	124	374	256	124	4.339	359.514
29	0	124	138	256	124	4.339	180.486
30	0	124	227	213	124	10.032	124.624
31	0	124	257	191	124	7.999	89.105
32	0	120	493	256	120	2.160	359.758
33	0	120	19	256	120	2.160	180.242
34	0	119	255	337	119	6.243	269.301
35	0	119	257	175	119	6.400	89.284
36	0	118	255	357	118	5.019	269.438
37	0	118	257	155	118	5.120	89.427
38	0	117	264	387	117	3.872	273.468
39	0	117	248	125	117	3.931	93.521
40	0	116	509	256	116	2.024	359.774
41	0	116	485	256	116	2.236	359.750
42	0	116	454	256	116	2.586	359.711
43	0	116	58	256	116	2.586	180.289
44	0	116	43	256	116	2.404	180.269
45	0	116	3	256	116	2.024	180.226
46	0	115	248	387	115	3.872	266.532
47	0	115	273	362	115	4.726	279.028
48	0	115	497	256	115	2.124	359.762
49	0	115	15	256	115	2.124	180.238
50	0	115	239	150	115	4.814	99.197
51	0	115	264	125	115	3.931	86.479
52	0	114	181	330	114	4.827	225.000
53	0	114	331	182	114	4.892	44.226
54	0	112	208	444	112	2.626	255.750
55	0	112	276	428	112	2.940	276.595
56	0	112	236	84	112	2.974	96.671
57	0	112	304	68	112	2.652	75.604
58	0	111	294	426	111	2.923	282.529
59	0	111	173	356	111	3.917	230.587
60	0	111	339	156	111	3.963	50.024
61	0	111	218	86	111	2.956	102.672
62	0	109	130	503	109	1.841	243.066
63	0	109	382	9	109	1.852	62.879
64	0	108	395	433	108	2.267	307.986
65	0	108	117	79	108	2.283	128.301
66	0	106	401	481	106	1.907	302.684
67	0	106	403	407	106	2.421	314.042
68	0	106	403	395	106	2.522	316.397
69	0	106	109	117	106	2.539	136.809
70	0	106	109	105	106	2.438	134.421
71	0	106	111	31	106	1.919	122.916
72	0	105	86	468	105	1.879	231.406
73	0	105	426	462	105	1.911	309.395
74	0	105	70	437	105	1.967	224.377
75	0	105	46	355	105	2.201	205.463
76	0	105	466	158	105	2.213	24.792
77	0	105	442	75	105	1.978	44.061
78	0	105	86	50	105	1.923	129.668
79	0	105	426	44	105	1.890	51.142
80	0	104	33	285	104	2.275	187.662
81	0	104	479	227	104	2.278	7.157
82	0	103	17	318	103	2.071	194.767
83	0	103	1	282	103	1.997	186.044
84	0	103	495	194	103	2.076	14.318
85	0	102	465	482	102	1.659	312.636
86	0	102	2	384	102	1.797	206.925
87	0	102	510	128	102	1.803	26.565
88	0	102	47	30	102	1.667	132.889
89	0	101	362	1	101	1.860	67.348
90	0	100	19	509	100	1.474	226.983
91	0	100	493	3	100	1.480	46.757
92	0	99	2	506	99	1.434	224.660
93	0	99	510	6	99	1.439	44.430
