 	Area	Mean	X	Y	Median	R	Theta
1	0	254	256	256	254	512.000	270.000
2	0	164	282	256	164	19.678	357.797
3	0	164	230	256	164	19.678	182.203
4	0	162	284	256	162	18.274	357.955
5	0	162	228	256	162	18.274	182.045
6	0	157	208	279	157	9.541	206.565
7	0	157	304	233	157	9.697	24.624
8	0	153	301	256	153	11.375	358.727
9	0	153	294	256	153	13.469	358.493
10	0	153	218	256	153	13.469	181.507
11	0	153	211	256	153	11.375	181.273
12	0	151	255	267	151	42.519	265.236
13	0	151	257	245	151	50.946	84.289
14	0	143	257	387	143	3.879	270.434
15	0	143	255	125	143	3.938	90.441
16	0	139	374	256	139	4.339	359.514
17	0	139	138	256	139	4.339	180.486
18	0	136	163	304	136	4.871	207.784
19	0	136	360	208	136	4.486	24.319
20	0	134	493	256	134	2.160	359.758
21	0	134	485	256	134	2.236	359.750
22	0	134	27	256	134	2.236	180.250
23	0	134	19	256	134	2.160	180.242
24	0	131	257	398	131	3.580	270.401
25	0	131	255	114	131	3.631	90.406
26	0	124	187	1	124	1.945	105.198
27	0	117	404	485	117	1.872	302.760
28	0	117	108	27	117	1.884	122.989
