 	Area	Mean	X	Y	Median	R	Theta
1	0	254	256	256	254	512.000	270.000
2	0	148	257	262	148	72.408	278.130
3	0	148	255	250	148	100.411	101.310
4	0	147	216	278	147	11.096	209.899
5	0	147	255	262	147	72.408	261.870
6	0	147	257	250	147	100.411	78.690
7	0	147	296	235	147	11.449	26.565
8	0	142	289	256	142	15.508	358.264
9	0	142	224	256	142	15.992	181.790
10	0	140	255	277	140	23.249	267.397
11	0	140	293	256	140	13.833	358.452
12	0	140	219	256	140	13.833	181.548
13	0	140	257	235	140	25.568	87.138
14	0	134	326	256	134	7.314	359.182
15	0	134	186	256	134	7.314	180.818
16	0	127	255	285	127	17.057	268.091
17	0	127	257	227	127	18.274	87.955
18	0	125	255	306	125	10.037	268.877
19	0	125	257	206	125	10.447	88.831
20	0	124	179	278	124	6.371	196.631
21	0	124	333	234	124	6.415	15.255
22	0	123	374	256	123	4.339	359.514
23	0	123	138	256	123	4.339	180.486
24	0	122	255	386	122	3.908	269.563
25	0	122	257	126	122	3.969	89.556
26	0	121	257	387	121	3.879	270.434
27	0	121	255	125	121	3.938	90.441
28	0	119	255	332	119	6.649	269.256
29	0	119	461	256	119	2.498	359.721
30	0	119	51	256	119	2.498	180.279
31	0	119	257	180	119	6.826	89.236
32	0	118	493	256	118	2.160	359.758
33	0	118	485	256	118	2.236	359.750
34	0	118	27	256	118	2.236	180.250
35	0	118	19	256	118	2.160	180.242
36	0	115	257	352	115	5.278	270.591
37	0	115	255	160	115	5.389	90.603
38	0	113	255	434	113	2.860	269.680
39	0	113	255	375	113	4.267	269.523
40	0	113	257	137	113	4.339	89.514
41	0	113	257	78	113	2.893	89.676
42	0	111	241	387	111	3.854	263.517
43	0	111	271	125	111	3.913	83.418
44	0	110	257	485	110	2.226	270.249
45	0	110	255	27	110	2.246	90.251
46	0	109	310	389	109	3.544	291.949
47	0	109	202	123	109	3.590	112.249
48	0	108	306	360	108	4.403	295.463
49	0	108	334	307	108	5.462	326.310
50	0	108	178	205	108	5.526	147.339
51	0	108	206	152	108	4.472	115.894
52	0	107	228	504	107	2.043	263.584
53	0	107	334	463	107	2.305	290.556
54	0	107	296	463	107	2.417	280.886
55	0	107	171	428	107	2.656	243.834
56	0	107	341	84	107	2.681	63.569
57	0	107	216	49	107	2.440	100.989
58	0	107	178	49	107	2.324	110.739
59	0	107	284	8	107	2.060	83.533
60	0	105	430	399	105	2.267	320.389
61	0	105	128	378	105	2.884	223.859
62	0	105	384	134	105	2.907	43.390
63	0	105	82	113	105	2.280	140.782
64	0	104	142	503	104	1.876	245.313
65	0	104	370	9	104	1.888	65.136
66	0	103	401	508	103	1.756	299.818
67	0	103	382	323	103	3.576	331.645
68	0	103	385	281	103	3.891	348.605
69	0	103	127	232	103	3.907	169.891
70	0	103	130	190	103	3.611	152.712
71	0	103	111	4	103	1.766	120.015
72	0	102	64	468	102	1.785	227.968
73	0	102	443	446	102	1.915	314.394
74	0	102	383	354	102	3.180	322.063
75	0	102	129	158	102	3.204	142.628
76	0	102	69	66	102	1.926	134.695
77	0	102	448	44	102	1.795	47.699
78	0	101	442	413	101	2.098	319.653
79	0	101	485	328	101	2.130	342.319
80	0	101	27	184	101	2.136	162.774
81	0	101	70	99	101	2.109	140.013
82	0	100	472	489	100	1.608	312.709
83	0	100	495	487	100	1.537	315.851
84	0	100	472	413	100	1.913	323.815
85	0	100	40	99	100	1.922	144.162
86	0	100	17	25	100	1.544	136.099
87	0	100	40	23	100	1.615	132.955
88	0	96	488	472	96	1.612	316.913
89	0	96	392	362	96	2.959	321.806
90	0	96	120	150	96	2.980	142.330
91	0	96	24	40	96	1.619	137.178
