 	Area	Mean	X	Y	Median	R	Theta
1	0	254	256	256	254	512.000	270.000
2	0	170	260	256	170	124.178	345.964
3	0	170	252	256	170	124.178	194.036
4	0	153	257	262	153	72.408	278.130
5	0	153	255	262	153	72.408	261.870
6	0	153	257	250	153	100.411	78.690
7	0	153	255	250	153	100.411	101.310
8	0	150	214	279	150	10.584	209.745
9	0	150	299	234	150	10.699	26.030
10	0	148	255	270	148	34.058	266.186
11	0	148	257	242	148	39.269	85.601
12	0	146	284	256	146	18.274	357.955
13	0	146	228	256	146	18.274	182.045
14	0	145	301	256	145	11.375	358.727
15	0	145	294	256	145	13.469	358.493
16	0	145	219	256	145	13.833	181.548
17	0	145	211	256	145	11.375	181.273
18	0	144	297	256	144	12.484	358.603
19	0	144	215	256	144	12.484	181.397
20	0	131	255	386	131	3.908	269.563
21	0	131	257	126	131	3.969	89.556
22	0	129	374	256	129	4.339	359.514
23	0	129	138	256	129	4.339	180.486
24	0	125	145	302	125	4.248	202.949
25	0	125	367	210	125	4.275	22.068
26	0	124	493	256	124	2.160	359.758
27	0	124	465	256	124	2.450	359.726
28	0	124	55	256	124	2.547	180.285
29	0	124	27	256	124	2.236	180.250
30	0	123	440	256	123	2.783	359.689
31	0	123	72	256	123	2.783	180.311
32	0	122	454	256	122	2.586	359.711
33	0	122	68	256	122	2.723	180.305
34	0	121	510	256	121	2.016	359.774
35	0	121	3	256	121	2.024	180.226
36	0	120	258	362	120	4.784	271.071
37	0	120	254	150	120	4.875	91.091
38	0	117	208	500	117	2.051	258.915
39	0	117	336	301	117	5.548	330.101
40	0	117	176	211	117	5.608	151.189
41	0	117	304	12	117	2.067	78.826
42	0	111	42	311	111	2.315	194.664
43	0	111	470	201	111	2.320	14.162
44	0	110	64	273	110	2.655	185.356
45	0	110	448	239	110	2.657	4.764
