 	Area	Mean	X	Y	Median	R	Theta
1	0	254	256	256	254	512.000	270.000
2	0	160	257	262	160	72.408	278.130
3	0	160	255	250	160	100.411	101.310
4	0	158	255	262	158	72.408	261.870
5	0	158	257	250	158	100.411	78.690
6	0	153	255	275	153	25.568	267.138
7	0	153	257	237	153	28.401	86.820
8	0	152	223	277	152	12.909	213.690
9	0	152	289	235	152	13.269	31.218
10	0	151	293	256	151	13.833	358.452
11	0	151	219	256	151	13.833	181.548
12	0	150	284	256	150	18.274	357.955
13	0	150	228	256	150	18.274	182.045
14	0	143	326	256	143	7.314	359.182
15	0	143	186	256	143	7.314	180.818
16	0	140	335	256	140	6.480	359.275
17	0	140	177	256	140	6.480	180.725
18	0	138	257	387	138	3.879	270.434
19	0	138	255	125	138	3.938	90.441
20	0	136	257	301	136	11.128	271.245
21	0	136	255	211	136	11.633	91.302
22	0	135	255	388	135	3.850	269.569
23	0	135	257	125	135	3.938	89.559
24	0	132	383	256	132	4.031	359.549
25	0	132	138	256	132	4.339	180.486
26	0	130	493	256	130	2.160	359.758
27	0	130	19	256	130	2.160	180.242
28	0	129	469	256	129	2.404	359.731
29	0	129	457	256	129	2.547	359.715
30	0	129	55	256	129	2.547	180.285
31	0	129	43	256	129	2.404	180.269
32	0	125	510	256	125	2.016	359.774
33	0	125	2	256	125	2.016	180.226
34	0	121	308	462	121	2.399	284.101
35	0	121	204	50	121	2.421	104.233
36	0	116	469	290	116	2.372	350.669
37	0	116	43	222	116	2.375	171.193
