 	Area	Mean	X	Y	Median	R	Theta
1	0	254	256	256	254	512.000	270.000
2	0	143	257	262	143	72.408	278.130
3	0	143	254	262	143	70.329	254.055
4	0	143	258	250	143	95.076	68.199
5	0	143	255	250	143	100.411	101.310
6	0	142	222	282	142	11.793	218.454
7	0	142	303	230	142	9.618	28.009
8	0	136	252	278	136	21.932	260.134
9	0	136	260	234	136	23.950	79.216
10	0	128	326	256	128	7.314	359.182
11	0	128	186	256	128	7.314	180.818
12	0	125	257	387	125	3.879	270.434
13	0	125	255	125	125	3.938	90.441
14	0	124	255	387	124	3.879	269.566
15	0	124	179	283	124	6.249	199.983
16	0	124	334	229	124	6.227	18.435
17	0	124	257	125	124	3.938	89.559
18	0	121	238	299	121	10.770	247.751
19	0	121	274	213	121	11.205	66.801
20	0	120	202	307	120	6.830	223.919
21	0	120	310	205	120	6.957	42.797
22	0	119	169	308	119	5.026	211.350
23	0	119	343	204	119	5.077	30.379
24	0	115	403	256	115	3.483	359.610
25	0	115	109	256	115	3.483	180.390
26	0	112	485	256	112	2.236	359.750
27	0	112	457	256	112	2.547	359.715
28	0	112	454	256	112	2.586	359.711
29	0	112	399	256	112	3.580	359.599
30	0	112	113	256	112	3.580	180.401
31	0	112	58	256	112	2.586	180.289
32	0	112	55	256	112	2.547	180.285
33	0	112	27	256	112	2.236	180.250
34	0	111	254	331	111	6.735	268.493
35	0	111	493	256	111	2.160	359.758
36	0	111	19	256	111	2.160	180.242
37	0	111	258	181	111	6.916	88.452
38	0	109	258	449	109	2.639	270.591
39	0	109	254	63	109	2.667	90.597
40	0	108	509	256	108	2.024	359.774
41	0	108	490	256	108	2.188	359.755
42	0	108	22	256	108	2.188	180.245
43	0	108	3	256	108	2.024	180.226
44	0	105	186	364	105	3.952	237.291
45	0	105	326	148	105	4.004	56.807
46	0	104	243	470	104	2.377	266.540
47	0	104	184	450	104	2.463	249.734
48	0	104	358	262	104	5.008	356.074
49	0	104	154	250	104	5.014	177.194
50	0	104	328	62	104	2.486	69.542
51	0	104	285	47	104	2.438	82.063
52	0	103	331	492	103	2.060	287.560
53	0	103	204	475	103	2.265	256.701
54	0	103	308	37	103	2.285	76.584
55	0	103	181	20	103	2.076	107.700
56	0	102	155	386	102	3.095	232.368
57	0	102	357	126	102	3.125	51.941
58	0	101	102	327	101	3.012	205.058
59	0	101	349	264	101	5.480	354.472
60	0	101	163	248	101	5.490	175.696
61	0	101	410	185	101	3.027	24.444
62	0	100	354	417	100	2.704	301.171
63	0	100	388	334	100	3.328	329.100
64	0	100	124	179	100	3.361	150.068
65	0	100	158	96	100	2.741	121.648
66	0	99	119	486	99	1.906	239.329
67	0	99	87	486	99	1.789	233.811
68	0	99	425	26	99	1.799	53.573
69	0	99	393	26	99	1.919	59.110
70	0	98	74	317	98	2.663	198.812
71	0	98	438	195	98	2.672	18.246
72	0	97	29	348	97	2.087	202.279
73	0	97	462	274	97	2.475	354.730
74	0	97	50	238	97	2.477	175.282
75	0	97	483	164	97	2.094	21.845
76	0	96	485	491	96	1.557	314.138
77	0	96	47	401	96	2.008	214.937
78	0	96	27	331	96	2.122	198.360
79	0	96	485	181	96	2.127	17.908
80	0	96	465	111	96	2.017	34.567
81	0	96	27	21	96	1.564	134.381
82	0	95	503	379	95	1.853	333.342
83	0	95	446	363	95	2.343	330.385
84	0	95	66	149	95	2.353	150.843
85	0	95	9	133	95	1.859	153.714
86	0	94	5	306	94	1.999	191.485
87	0	94	507	207	94	2.004	10.826
88	0	93	492	509	93	1.477	312.896
89	0	93	20	3	93	1.483	133.122
90	0	92	127	443	92	2.246	235.543
91	0	92	385	69	92	2.262	55.257
