 	Area	Mean	X	Y	Median	R	Theta
1	0	254	256	256	254	512.000	270.000
2	0	152	282	256	152	19.678	357.797
3	0	152	230	256	152	19.678	182.203
4	0	150	284	256	150	18.274	357.955
5	0	150	228	256	150	18.274	182.045
6	0	148	205	279	148	9.084	205.201
7	0	148	257	262	148	72.408	278.130
8	0	148	255	250	148	100.411	101.310
9	0	148	307	233	148	9.218	23.334
10	0	147	219	278	147	11.752	211.866
11	0	147	288	235	147	13.568	32.005
12	0	144	297	256	144	12.484	358.603
13	0	144	215	256	144	12.484	181.397
14	0	142	301	256	142	11.375	358.727
15	0	142	211	256	142	11.375	181.273
16	0	140	288	256	140	15.992	358.210
17	0	140	224	256	140	15.992	181.790
18	0	136	326	256	136	7.314	359.182
19	0	136	186	256	136	7.314	180.818
20	0	129	348	256	129	5.565	359.377
21	0	129	164	256	129	5.565	180.623
22	0	127	255	387	127	3.879	269.566
23	0	127	374	256	127	4.339	359.514
24	0	127	138	256	127	4.339	180.486
25	0	127	257	125	127	3.938	89.559
26	0	126	257	306	126	10.037	271.123
27	0	126	255	206	126	10.447	91.169
28	0	125	257	387	125	3.879	270.434
29	0	125	174	279	125	5.993	196.314
30	0	125	338	233	125	6.031	15.018
31	0	125	255	125	125	3.938	90.441
32	0	124	258	296	124	12.473	272.793
33	0	124	254	216	124	13.111	92.936
34	0	123	399	256	123	3.580	359.599
35	0	123	113	256	123	3.580	180.401
36	0	122	493	256	122	2.160	359.758
37	0	122	19	256	122	2.160	180.242
38	0	119	156	303	119	4.616	205.641
39	0	119	365	209	119	4.328	22.881
40	0	118	490	256	118	2.188	359.755
41	0	118	22	256	118	2.188	180.245
42	0	112	257	1	112	2.016	89.774
43	0	109	287	502	109	2.057	277.154
44	0	109	135	488	109	1.950	242.557
45	0	109	97	301	109	3.093	196.136
46	0	109	415	211	109	3.103	15.468
47	0	109	377	24	109	1.963	62.354
48	0	109	225	10	109	2.073	97.211
49	0	109	246	1	109	2.014	92.255
50	0	108	138	426	108	2.464	235.392
51	0	108	18	276	108	2.143	185.042
52	0	108	494	236	108	2.144	4.564
53	0	108	374	86	108	2.484	55.076
54	0	107	125	402	107	2.600	228.294
55	0	107	387	110	107	2.620	47.904
56	0	106	380	459	106	2.145	301.293
57	0	106	380	378	106	2.931	315.232
58	0	106	142	151	106	3.318	137.626
59	0	106	132	53	106	2.160	121.544
60	0	104	63	496	104	1.658	231.311
61	0	104	505	303	104	2.019	349.089
62	0	104	7	209	104	2.022	169.533
63	0	104	449	16	104	1.667	51.078
64	0	90	510	499	90	1.454	316.150
65	0	90	2	13	90	1.459	136.386
