 	Area	Mean	X	Y	Median	R	Theta
1	0	254	256	256	254	512.000	270.000
2	0	164	260	256	164	124.178	345.964
3	0	164	252	256	164	124.178	194.036
4	0	150	276	256	150	25.568	357.138
5	0	150	236	256	150	25.568	182.862
6	0	149	212	279	149	10.216	208.610
7	0	149	300	233	149	10.408	26.565
8	0	145	257	262	145	72.408	278.130
9	0	145	255	262	145	72.408	261.870
10	0	145	257	250	145	100.411	78.690
11	0	145	255	250	145	100.411	101.310
12	0	142	198	279	142	8.157	202.479
13	0	142	314	233	142	8.254	20.772
14	0	140	293	256	140	13.833	358.452
15	0	140	219	256	140	13.833	181.548
16	0	131	303	256	131	10.891	358.781
17	0	131	209	256	131	10.891	181.219
18	0	130	181	279	130	6.502	197.745
19	0	130	326	256	130	7.314	359.182
20	0	130	186	256	130	7.314	180.818
21	0	130	332	233	130	6.471	16.144
22	0	126	236	293	126	11.923	242.241
23	0	126	276	219	126	12.432	60.945
24	0	124	255	387	124	3.879	269.566
25	0	124	257	125	124	3.938	89.559
26	0	123	343	256	123	5.885	359.341
27	0	123	169	256	123	5.885	180.659
28	0	122	158	304	122	4.673	206.565
29	0	122	354	209	122	4.729	25.145
30	0	121	257	387	121	3.879	270.434
31	0	121	255	126	121	3.969	90.444
32	0	119	378	256	119	4.197	359.530
33	0	119	134	256	119	4.197	180.470
34	0	116	151	303	116	4.435	204.567
35	0	116	493	256	116	2.160	359.758
36	0	116	403	256	116	3.483	359.610
37	0	116	109	256	116	3.483	180.390
38	0	116	19	256	116	2.160	180.242
39	0	116	361	209	116	4.466	23.658
40	0	113	485	256	113	2.236	359.750
41	0	113	461	256	113	2.498	359.721
42	0	113	454	256	113	2.586	359.711
43	0	113	58	256	113	2.586	180.289
44	0	113	51	256	113	2.498	180.279
45	0	113	27	256	113	2.236	180.250
46	0	112	156	280	112	4.967	194.036
47	0	112	457	256	112	2.547	359.715
48	0	112	55	256	112	2.547	180.285
49	0	112	356	232	112	4.990	12.953
50	0	111	272	351	111	5.261	279.462
51	0	111	240	161	111	5.370	99.660
52	0	110	257	400	110	3.531	270.395
53	0	110	509	256	110	2.024	359.774
54	0	110	3	256	110	2.024	180.226
55	0	110	255	112	110	3.580	90.401
56	0	109	255	434	109	2.860	269.680
57	0	109	255	83	109	2.977	90.333
58	0	108	287	387	108	3.776	283.216
59	0	108	225	125	108	3.831	103.412
60	0	107	178	409	107	2.966	243.138
61	0	107	334	103	107	2.997	62.835
62	0	105	181	372	105	3.684	237.339
63	0	105	80	307	105	2.790	196.460
64	0	105	432	205	105	2.798	15.859
65	0	105	331	141	105	3.752	56.659
66	0	104	376	492	104	1.927	296.854
67	0	104	270	391	104	3.745	275.877
68	0	104	242	121	104	3.800	95.964
69	0	104	136	20	104	1.940	117.051
70	0	103	74	352	103	2.483	208.056
71	0	103	438	160	103	2.494	27.564
72	0	102	135	368	102	3.093	223.042
73	0	102	102	278	102	3.288	188.494
74	0	102	410	234	102	3.294	7.765
75	0	102	377	144	102	3.118	42.532
76	0	101	102	490	101	1.822	236.762
77	0	101	99	440	101	2.110	229.680
78	0	101	413	72	101	2.123	49.373
79	0	101	410	23	101	1.839	56.424
80	0	100	38	475	100	1.653	225.262
81	0	100	3	354	100	1.885	201.371
82	0	100	41	269	100	2.376	183.726
83	0	100	471	244	100	2.378	2.929
84	0	100	509	158	100	1.890	20.977
85	0	100	474	37	100	1.661	45.000
86	0	99	17	439	99	1.697	217.592
87	0	99	47	348	99	2.238	203.988
88	0	99	480	345	99	2.121	338.110
89	0	99	32	167	99	2.127	158.552
90	0	99	465	164	99	2.246	23.529
91	0	99	495	73	99	1.704	37.289
92	0	98	509	343	98	1.911	340.821
93	0	98	3	169	98	1.916	161.226
94	0	96	96	462	96	1.957	232.298
95	0	96	416	50	96	1.969	52.028
96	0	95	26	326	95	2.127	197.155
97	0	95	486	186	95	2.132	16.699
