 	Area	Mean	X	Y	Median	R	Theta
1	0	254	256	256	254	512.000	270.000
2	0	155	276	256	155	25.568	357.138
3	0	155	236	256	155	25.568	182.862
4	0	145	221	278	145	12.225	213.311
5	0	145	291	234	145	12.544	30.964
6	0	141	242	273	141	22.453	232.125
7	0	141	270	239	141	24.082	48.814
8	0	139	301	256	139	11.375	358.727
9	0	139	211	256	139	11.375	181.273
10	0	132	326	256	132	7.314	359.182
11	0	132	186	256	132	7.314	180.818
12	0	130	306	256	130	10.238	358.854
13	0	130	206	256	130	10.238	181.146
14	0	127	257	387	127	3.879	270.434
15	0	127	255	125	127	3.938	90.441
16	0	122	358	256	122	5.019	359.438
17	0	122	154	256	122	5.019	180.562
18	0	121	378	256	121	4.197	359.530
19	0	121	134	256	121	4.197	180.470
20	0	120	299	306	120	7.675	310.135
21	0	120	493	256	120	2.160	359.758
22	0	120	400	256	120	3.555	359.602
23	0	120	112	256	120	3.555	180.398
24	0	120	19	256	120	2.160	180.242
25	0	120	213	206	120	7.854	131.269
26	0	118	427	256	118	2.994	359.665
27	0	118	403	256	118	3.483	359.610
28	0	118	109	256	118	3.483	180.390
29	0	118	85	256	118	2.994	180.335
30	0	116	469	256	116	2.404	359.731
31	0	116	43	256	116	2.404	180.269
32	0	115	485	256	115	2.236	359.750
33	0	115	27	256	115	2.236	180.250
34	0	113	506	256	113	2.048	359.771
35	0	113	457	256	113	2.547	359.715
36	0	113	55	256	113	2.547	180.285
37	0	113	6	256	113	2.048	180.229
38	0	112	307	398	112	3.372	289.628
39	0	112	205	114	112	3.415	109.885
40	0	111	182	439	111	2.582	248.091
41	0	111	330	73	111	2.606	67.874
42	0	110	265	399	110	3.549	273.576
43	0	110	247	113	110	3.598	93.627
44	0	109	297	503	109	2.037	279.387
45	0	109	166	490	109	2.035	249.044
46	0	109	363	365	109	3.336	314.208
47	0	109	149	147	109	3.368	134.734
48	0	109	346	22	109	2.050	68.880
49	0	109	215	9	109	2.053	99.462
50	0	108	151	509	108	1.863	247.540
51	0	108	177	506	108	1.946	252.529
52	0	108	359	413	108	2.715	303.100
53	0	108	153	99	108	2.739	123.435
54	0	108	335	6	108	1.960	72.397
55	0	108	361	4	108	1.882	67.299
56	0	107	380	330	107	3.533	328.833
57	0	107	132	182	107	3.558	149.514
58	0	106	77	424	106	2.080	223.354
59	0	106	83	401	106	2.262	220.162
60	0	106	438	296	106	2.744	347.305
61	0	106	74	216	106	2.751	167.905
62	0	106	429	111	106	2.275	39.773
63	0	106	435	88	106	2.091	43.014
64	0	105	428	491	105	1.753	306.085
65	0	105	81	474	105	1.826	231.372
66	0	105	431	38	105	1.837	51.116
67	0	105	84	21	105	1.763	126.317
68	0	104	488	468	104	1.626	317.445
69	0	104	24	44	104	1.633	137.714
70	0	103	45	481	103	1.656	226.966
71	0	103	467	31	103	1.664	46.712
72	0	102	411	462	102	1.980	306.826
73	0	102	472	410	102	1.926	324.337
74	0	102	40	102	102	1.934	144.689
75	0	102	101	50	102	1.992	127.093
76	0	100	21	456	100	1.656	220.541
77	0	100	491	57	100	1.666	40.116
