 	Area	Mean	X	Y	Median	R	Theta
1	0	254	256	256	254	512.000	270.000
2	0	171	260	256	171	124.178	345.964
3	0	171	252	256	171	124.178	194.036
4	0	156	255	262	156	72.408	261.870
5	0	156	257	250	156	100.411	78.690
6	0	148	293	256	148	13.833	358.452
7	0	148	219	256	148	13.833	181.548
8	0	147	288	256	147	15.992	358.210
9	0	147	224	256	147	15.992	181.790
10	0	140	257	306	140	10.037	271.123
11	0	140	255	206	140	10.447	91.169
12	0	139	326	256	139	7.314	359.182
13	0	139	186	256	139	7.314	180.818
14	0	137	257	293	137	13.469	271.507
15	0	137	255	219	137	14.217	91.591
16	0	134	257	387	134	3.879	270.434
17	0	134	255	125	134	3.938	90.441
18	0	129	255	386	129	3.908	269.563
19	0	129	257	126	129	3.969	89.556
20	0	126	437	256	126	2.829	359.683
21	0	126	109	256	126	3.483	180.390
22	0	125	498	256	125	2.116	359.763
23	0	125	454	256	125	2.586	359.711
24	0	125	58	256	125	2.586	180.289
25	0	125	19	256	125	2.160	180.242
26	0	124	469	256	124	2.404	359.731
27	0	124	43	256	124	2.404	180.269
28	0	123	302	362	123	4.396	293.263
29	0	123	457	256	123	2.547	359.715
30	0	123	55	256	123	2.547	180.285
31	0	123	210	150	123	4.466	113.658
32	0	122	509	256	122	2.024	359.774
33	0	122	3	256	122	2.024	180.226
34	0	121	505	256	121	2.056	359.770
35	0	121	7	256	121	2.056	180.230
36	0	119	305	445	119	2.609	284.461
37	0	119	207	67	119	2.635	104.608
38	0	118	289	496	118	2.105	277.797
39	0	118	177	491	118	2.057	251.492
40	0	118	213	25	118	2.188	100.590
41	0	118	335	21	118	2.073	71.345
42	0	117	343	379	117	3.380	305.054
43	0	117	169	133	117	3.417	125.493
44	0	116	310	503	116	2.017	282.284
45	0	116	202	9	116	2.033	102.381
46	0	112	61	489	112	1.681	230.194
47	0	112	451	23	112	1.689	49.952
