 	Area	Mean	X	Y	Median	R	Theta
1	0	254	256	256	254	512.000	270.000
2	0	159	284	256	159	18.274	357.955
3	0	159	228	256	159	18.274	182.045
4	0	153	219	277	153	11.894	210.735
5	0	153	293	235	153	12.173	28.393
6	0	149	294	256	149	13.469	358.493
7	0	149	223	256	149	15.508	181.736
8	0	139	257	288	139	15.508	271.736
9	0	139	255	224	139	16.508	91.848
10	0	136	257	387	136	3.879	270.434
11	0	136	255	125	136	3.938	90.441
12	0	135	257	306	135	10.037	271.123
13	0	135	255	206	135	10.447	91.169
14	0	133	255	387	133	3.879	269.566
15	0	133	257	125	133	3.938	89.559
16	0	132	493	256	132	2.160	359.758
17	0	132	19	256	132	2.160	180.242
18	0	128	148	305	128	4.302	204.842
19	0	128	510	256	128	2.016	359.774
20	0	128	2	256	128	2.016	180.226
21	0	128	364	207	128	4.332	23.962
22	0	124	255	416	124	3.180	269.644
23	0	124	257	96	124	3.220	89.640
24	0	123	264	388	123	3.843	273.442
25	0	123	298	343	123	5.251	295.514
26	0	123	214	169	123	5.350	116.030
27	0	123	248	124	123	3.901	93.495
