 	Area	Mean	X	Y	Median	R	Theta
1	0	254	256	256	254	512.000	270.000
2	0	154	215	279	154	10.777	210.343
3	0	154	257	262	154	72.408	278.130
4	0	154	255	250	154	100.411	101.310
5	0	154	297	233	154	11.004	28.217
6	0	152	255	262	152	72.408	261.870
7	0	152	257	250	152	100.411	78.690
8	0	150	200	280	150	8.349	204.057
9	0	150	313	232	150	8.330	21.975
10	0	148	230	279	148	14.470	222.709
11	0	148	282	233	148	15.033	40.236
12	0	145	298	256	145	12.187	358.636
13	0	145	214	256	145	12.187	181.364
14	0	144	301	256	144	11.375	358.727
15	0	144	211	256	144	11.375	181.273
16	0	141	303	256	141	10.891	358.781
17	0	141	209	256	141	10.891	181.219
18	0	133	257	387	133	3.879	270.434
19	0	133	255	125	133	3.938	90.441
20	0	132	255	387	132	3.879	269.566
21	0	132	257	125	132	3.938	89.559
22	0	131	374	256	131	4.339	359.514
23	0	131	138	256	131	4.339	180.486
24	0	129	162	304	129	4.830	207.532
25	0	129	350	208	129	4.872	26.565
26	0	128	152	304	128	4.454	205.228
27	0	128	258	298	128	11.894	272.663
28	0	128	254	214	128	12.473	92.793
29	0	128	360	208	128	4.486	24.319
30	0	125	161	280	125	5.212	194.744
31	0	125	351	232	125	5.238	13.610
32	0	124	257	355	124	5.120	270.573
33	0	124	205	352	124	4.672	242.266
34	0	124	485	256	124	2.236	359.750
35	0	124	27	256	124	2.236	180.250
36	0	124	307	160	124	4.748	61.771
37	0	124	255	157	124	5.224	90.585
38	0	123	493	256	123	2.160	359.758
39	0	123	461	256	123	2.498	359.721
40	0	123	432	256	123	2.909	359.674
41	0	123	80	256	123	2.909	180.326
42	0	123	51	256	123	2.498	180.279
43	0	123	19	256	123	2.160	180.242
44	0	122	510	256	122	2.016	359.774
45	0	122	2	256	122	2.016	180.226
46	0	121	255	401	121	3.507	269.608
47	0	121	257	111	121	3.555	89.602
48	0	120	490	256	120	2.188	359.755
49	0	120	22	256	120	2.188	180.245
50	0	116	381	346	116	3.311	323.945
51	0	116	131	166	116	3.337	144.549
52	0	111	449	475	111	1.749	311.260
53	0	111	63	37	111	1.758	131.519
54	0	109	502	459	109	1.602	320.332
55	0	109	10	53	109	1.609	140.609
