 	Area	Mean	X	Y	Median	R	Theta
1	0	254	256	256	254	512.000	270.000
2	0	154	293	256	154	13.833	358.452
3	0	154	219	256	154	13.833	181.548
4	0	151	301	256	151	11.375	358.727
5	0	151	211	256	151	11.375	181.273
6	0	143	257	387	143	3.879	270.434
7	0	143	255	125	143	3.938	90.441
8	0	135	257	357	135	5.019	270.562
9	0	135	255	344	135	5.752	269.356
10	0	135	257	168	135	5.885	89.341
11	0	135	255	155	135	5.120	90.573
12	0	132	493	256	132	2.160	359.758
13	0	132	19	256	132	2.160	180.242
14	0	131	457	256	131	2.547	359.715
15	0	131	55	256	131	2.547	180.285
16	0	130	510	256	130	2.016	359.774
17	0	130	2	256	130	2.016	180.226
18	0	124	223	488	124	2.176	261.939
19	0	124	289	24	124	2.194	81.870
