 	Area	Mean	X	Y	Median	R	Theta
1	0	254	256	256	254	512.000	270.000
2	0	156	284	256	156	18.274	357.955
3	0	156	228	256	156	18.274	182.045
4	0	153	214	279	153	10.584	209.745
5	0	153	298	233	153	10.799	27.646
6	0	152	257	262	152	72.408	278.130
7	0	152	255	250	152	100.411	101.310
8	0	147	288	256	147	15.992	358.210
9	0	147	224	256	147	15.992	181.790
10	0	137	257	387	137	3.879	270.434
11	0	137	255	125	137	3.938	90.441
12	0	133	374	256	133	4.339	359.514
13	0	133	138	256	133	4.339	180.486
14	0	128	167	304	128	5.040	208.836
15	0	128	493	256	128	2.160	359.758
16	0	128	19	256	128	2.160	180.242
17	0	128	346	208	128	5.043	27.575
18	0	126	255	350	126	5.389	269.397
19	0	126	257	162	126	5.505	89.384
20	0	125	469	256	125	2.404	359.731
21	0	125	43	256	125	2.404	180.269
22	0	119	305	363	119	4.317	294.404
23	0	119	214	149	119	4.491	111.615
24	0	117	293	390	117	3.658	285.327
25	0	117	219	122	117	3.709	105.546
26	0	115	142	460	115	2.183	240.922
27	0	115	370	52	115	2.199	60.682
28	0	113	431	506	113	1.673	304.885
29	0	113	460	319	113	2.395	342.582
30	0	113	52	193	113	2.401	163.095
31	0	113	81	6	113	1.682	125.100
32	0	112	1	21	112	1.479	137.459
33	0	111	1	85	111	1.671	146.310
34	0	110	506	314	110	1.993	346.721
35	0	110	6	198	110	1.997	167.156
36	0	109	30	439	109	1.757	219.151
