 	Area	Mean	X	Y	Median	R	Theta
1	0	254	256	256	254	512.000	270.000
2	0	157	268	256	157	42.519	355.236
3	0	157	244	256	157	42.519	184.764
4	0	155	270	256	155	36.478	355.914
5	0	155	242	256	155	36.478	184.086
6	0	149	276	256	149	25.568	357.138
7	0	149	236	256	149	25.568	182.862
8	0	143	284	256	143	18.274	357.955
9	0	143	228	256	143	18.274	182.045
10	0	140	256	269	140	36.571	270.000
11	0	140	256	243	140	42.667	90.000
12	0	128	257	387	128	3.879	270.434
13	0	128	300	256	128	11.633	358.698
14	0	128	212	256	128	11.633	181.302
15	0	128	255	125	128	3.938	90.441
16	0	125	255	387	125	3.879	269.566
17	0	125	257	125	125	3.938	89.559
18	0	122	349	256	122	5.505	359.384
19	0	122	163	256	122	5.505	180.616
20	0	121	374	256	121	4.339	359.514
21	0	121	346	256	121	5.689	359.363
22	0	121	169	256	121	5.885	180.659
23	0	121	138	256	121	4.339	180.486
24	0	118	257	298	118	11.904	271.332
25	0	118	255	214	118	12.484	91.397
26	0	117	257	303	117	10.664	271.193
27	0	117	255	209	117	11.128	91.245
28	0	114	272	310	114	8.939	286.220
29	0	114	493	256	114	2.160	359.758
30	0	114	427	256	114	2.994	359.665
31	0	114	104	256	114	3.368	180.377
32	0	114	19	256	114	2.160	180.242
33	0	114	240	202	114	9.248	106.798
34	0	113	457	256	113	2.547	359.715
35	0	113	454	256	113	2.586	359.711
36	0	113	58	256	113	2.586	180.289
37	0	113	55	256	113	2.547	180.285
38	0	112	257	352	112	5.278	270.591
39	0	112	510	256	112	2.016	359.774
40	0	112	2	256	112	2.016	180.226
41	0	112	255	160	112	5.389	90.603
42	0	106	255	429	106	2.942	269.671
43	0	106	325	310	106	5.802	321.442
44	0	106	187	202	106	5.885	142.472
45	0	106	257	83	106	2.977	89.667
46	0	105	180	388	105	3.342	240.255
47	0	105	332	124	105	3.381	59.880
48	0	104	377	478	104	2.018	298.484
49	0	104	368	373	104	3.147	313.506
50	0	104	177	356	104	3.993	231.968
51	0	104	99	346	104	2.821	210.097
52	0	104	413	166	104	2.837	29.548
53	0	104	335	156	104	4.042	51.411
54	0	104	144	139	104	3.175	133.995
55	0	104	135	34	104	2.032	118.701
56	0	102	115	358	102	2.932	216.148
57	0	102	397	154	102	2.952	35.614
58	0	101	411	499	101	1.771	302.426
59	0	101	417	418	101	2.235	314.646
60	0	101	82	399	101	2.267	219.611
61	0	101	78	289	101	2.825	190.814
62	0	101	434	223	101	2.831	10.192
63	0	101	430	113	101	2.280	39.218
64	0	101	95	94	101	2.249	135.000
65	0	101	101	13	101	1.782	122.639
66	0	100	29	437	100	1.760	218.721
67	0	100	468	375	100	2.102	330.489
68	0	100	108	313	100	3.221	201.400
69	0	100	404	199	100	3.236	20.726
70	0	100	44	137	100	2.110	150.900
71	0	100	483	75	100	1.767	38.413
72	0	99	17	462	99	1.619	220.896
73	0	99	495	50	99	1.626	40.621
74	0	97	18	503	97	1.490	226.179
75	0	97	494	9	97	1.496	45.947
76	0	96	12	372	96	1.892	205.618
77	0	96	500	140	96	1.898	25.235
