 	Area	Mean	X	Y	Median	R	Theta
1	0	254	256	256	254	512.000	270.000
2	0	155	213	279	155	10.397	209.168
3	0	155	255	262	155	72.408	261.870
4	0	155	257	250	155	100.411	78.690
5	0	155	299	234	155	10.699	26.030
6	0	154	282	256	154	19.678	357.797
7	0	154	230	256	154	19.678	182.203
8	0	149	293	256	149	13.833	358.452
9	0	149	219	256	149	13.833	181.548
10	0	144	326	256	144	7.314	359.182
11	0	144	186	256	144	7.314	180.818
12	0	136	255	387	136	3.879	269.566
13	0	136	236	262	136	24.163	199.290
14	0	136	276	250	136	24.836	14.036
15	0	136	257	125	136	3.938	89.559
16	0	135	257	387	135	3.879	270.434
17	0	135	255	126	135	3.969	90.444
18	0	134	292	278	134	11.985	327.426
19	0	134	220	234	134	12.285	149.744
20	0	133	156	304	133	4.598	206.105
21	0	133	356	208	133	4.634	25.174
22	0	131	493	256	131	2.160	359.758
23	0	131	19	256	131	2.160	180.242
24	0	128	461	256	128	2.498	359.721
25	0	128	51	256	128	2.498	180.279
26	0	127	485	256	127	2.236	359.750
27	0	127	27	256	127	2.236	180.250
28	0	121	152	442	121	2.393	240.919
29	0	121	360	70	121	2.412	60.657
30	0	119	376	324	119	3.699	330.101
31	0	119	136	188	119	3.725	150.824
32	0	118	119	478	118	1.956	238.436
33	0	118	419	300	118	3.028	344.567
34	0	118	93	212	118	3.037	165.222
35	0	118	393	34	118	1.969	58.205
36	0	116	369	494	116	1.937	295.305
37	0	116	144	18	116	1.953	115.294
