 	Area	Mean	X	Y	Median	R	Theta
1	0	254	256	256	254	512.000	270.000
2	0	170	260	256	170	124.178	345.964
3	0	170	252	256	170	124.178	194.036
4	0	159	276	256	159	25.568	357.138
5	0	159	236	256	159	25.568	182.862
6	0	154	208	280	154	9.460	207.512
7	0	154	305	232	154	9.459	25.145
8	0	153	255	262	153	72.408	261.870
9	0	153	257	250	153	100.411	78.690
10	0	151	222	280	151	12.132	216.327
11	0	151	290	232	151	12.473	34.077
12	0	149	236	276	149	17.655	226.397
13	0	149	277	236	149	18.079	42.138
14	0	147	293	256	147	13.833	358.452
15	0	147	219	256	147	13.833	181.548
16	0	143	301	256	143	11.375	358.727
17	0	143	211	256	143	11.375	181.273
18	0	142	326	256	142	7.314	359.182
19	0	142	186	256	142	7.314	180.818
20	0	136	257	296	136	12.484	271.397
21	0	136	255	216	136	13.124	91.469
22	0	134	257	387	134	3.879	270.434
23	0	134	255	125	134	3.938	90.441
24	0	129	257	321	129	7.757	270.868
25	0	129	257	304	129	10.447	271.169
26	0	129	255	209	129	11.128	91.245
27	0	129	255	191	129	7.999	90.895
28	0	128	378	256	128	4.197	359.530
29	0	128	134	256	128	4.197	180.470
30	0	126	427	256	126	2.994	359.665
31	0	126	85	256	126	2.994	180.335
32	0	125	188	301	125	6.236	214.077
33	0	125	493	256	125	2.160	359.758
34	0	125	469	256	125	2.404	359.731
35	0	125	408	256	125	3.368	359.623
36	0	125	104	256	125	3.368	180.377
37	0	125	43	256	125	2.404	180.269
38	0	125	19	256	125	2.160	180.242
39	0	125	324	211	125	6.321	32.905
40	0	124	485	256	124	2.236	359.750
41	0	124	457	256	124	2.547	359.715
42	0	124	445	256	124	2.709	359.697
43	0	124	67	256	124	2.709	180.303
44	0	124	55	256	124	2.547	180.285
45	0	124	27	256	124	2.236	180.250
46	0	123	473	256	123	2.359	359.736
47	0	123	454	256	123	2.586	359.711
48	0	123	58	256	123	2.586	180.289
49	0	123	39	256	123	2.359	180.264
50	0	120	257	508	120	2.024	270.226
51	0	120	255	490	120	2.179	269.756
52	0	120	257	22	120	2.197	89.754
53	0	120	255	4	120	2.040	90.228
54	0	119	317	365	119	4.071	299.010
55	0	119	195	147	119	4.128	119.458
56	0	118	266	451	118	2.609	272.921
57	0	118	246	61	118	2.636	92.951
58	0	116	133	351	116	3.281	217.972
59	0	116	379	161	116	3.307	37.388
60	0	112	448	449	112	1.876	314.703
61	0	112	470	280	112	2.376	353.337
62	0	112	42	232	112	2.379	173.866
63	0	112	64	63	112	1.886	135.000
64	0	110	1	99	110	1.713	148.543
