 	Area	Mean	X	Y	Median	R	Theta
1	0	254	256	256	254	512.000	270.000
2	0	162	276	256	162	25.568	357.138
3	0	162	236	256	162	25.568	182.862
4	0	157	226	281	157	12.897	220.914
5	0	157	286	231	157	13.327	38.660
6	0	154	284	256	154	18.274	357.955
7	0	154	228	256	154	18.274	182.045
8	0	153	254	262	153	70.329	254.055
9	0	153	281	256	153	20.464	357.709
10	0	153	231	256	153	20.464	182.291
11	0	153	258	250	153	95.076	68.199
12	0	140	257	387	140	3.879	270.434
13	0	140	255	125	140	3.938	90.441
14	0	138	255	387	138	3.879	269.566
15	0	138	306	256	138	10.238	358.854
16	0	138	206	256	138	10.238	181.146
17	0	138	257	125	138	3.938	89.559
18	0	135	196	307	135	6.449	220.914
19	0	135	179	307	135	5.510	214.032
20	0	135	335	256	135	6.480	359.275
21	0	135	177	256	135	6.480	180.725
22	0	135	333	205	135	5.577	32.998
23	0	135	316	205	135	6.555	39.806
24	0	134	209	308	134	7.228	228.434
25	0	134	303	204	134	7.382	47.337
26	0	132	326	256	132	7.314	359.182
27	0	132	186	256	132	7.314	180.818
28	0	124	258	344	124	5.751	271.287
29	0	124	161	281	124	5.198	195.306
30	0	124	374	256	124	4.339	359.514
31	0	124	138	256	124	4.339	180.486
32	0	124	351	231	124	5.225	14.178
33	0	124	254	168	124	5.884	91.317
34	0	122	402	256	122	3.507	359.608
35	0	122	110	256	122	3.507	180.392
36	0	121	493	256	121	2.160	359.758
37	0	121	19	256	121	2.160	180.242
38	0	120	254	434	120	2.860	269.360
39	0	120	485	256	120	2.236	359.750
40	0	120	27	256	120	2.236	180.250
41	0	120	258	78	120	2.892	89.353
42	0	119	436	256	119	2.844	359.682
43	0	119	76	256	119	2.844	180.318
44	0	118	482	256	118	2.265	359.746
45	0	118	469	256	118	2.404	359.731
46	0	118	55	256	118	2.547	180.285
47	0	118	30	256	118	2.265	180.254
48	0	115	510	256	115	2.016	359.774
49	0	115	2	256	115	2.016	180.226
50	0	113	217	486	113	2.186	260.417
51	0	113	110	472	113	1.958	236.067
52	0	113	402	40	113	1.970	55.821
53	0	113	295	26	113	2.204	80.335
54	0	112	433	495	112	1.717	306.409
55	0	112	419	487	112	1.806	305.091
56	0	112	73	327	112	2.604	201.477
57	0	112	439	185	112	2.613	20.933
58	0	112	93	25	112	1.816	125.325
59	0	112	79	17	112	1.726	126.638
60	0	111	30	360	111	2.055	204.920
61	0	111	509	320	111	1.960	345.591
62	0	111	3	192	111	1.964	166.017
63	0	111	482	153	111	2.065	24.291
64	0	110	399	507	110	1.767	299.573
65	0	110	465	361	110	2.185	333.107
66	0	110	47	151	110	2.193	153.545
67	0	110	113	5	110	1.778	119.770
68	0	108	444	408	108	2.112	320.860
69	0	108	68	104	108	2.123	141.229
70	0	108	504	36	108	1.548	41.447
