 	Area	Mean	X	Y	Median	R	Theta
1	0	254	256	256	254	512.000	270.000
2	0	164	260	256	164	124.178	345.964
3	0	164	252	256	164	124.178	194.036
4	0	149	276	256	149	25.568	357.138
5	0	149	236	256	149	25.568	182.862
6	0	148	274	256	148	28.401	356.820
7	0	148	238	256	148	28.401	183.180
8	0	146	257	262	146	72.408	278.130
9	0	146	255	250	146	100.411	101.310
10	0	143	215	278	143	10.891	209.291
11	0	143	297	234	143	11.115	27.121
12	0	141	288	256	141	15.992	358.210
13	0	141	224	256	141	15.992	181.790
14	0	139	203	277	139	8.922	202.543
15	0	139	310	235	139	8.891	20.323
16	0	138	257	267	138	42.519	274.764
17	0	138	293	256	138	13.833	358.452
18	0	138	219	256	138	13.833	181.548
19	0	138	255	245	138	50.946	95.711
20	0	132	326	256	132	7.314	359.182
21	0	132	186	256	132	7.314	180.818
22	0	129	335	256	129	6.480	359.275
23	0	129	308	256	129	9.844	358.898
24	0	129	204	256	129	9.844	181.102
25	0	129	177	256	129	6.480	180.725
26	0	128	257	387	128	3.879	270.434
27	0	128	255	296	128	12.484	268.603
28	0	128	257	216	128	13.124	88.531
29	0	128	255	125	128	3.938	90.441
30	0	127	257	288	127	15.508	271.736
31	0	127	255	224	127	16.508	91.848
32	0	126	343	256	126	5.885	359.341
33	0	126	169	256	126	5.885	180.659
34	0	120	255	319	120	7.999	269.105
35	0	120	374	256	120	4.339	359.514
36	0	120	138	256	120	4.339	180.486
37	0	120	257	193	120	8.257	89.076
38	0	117	257	357	117	5.019	270.562
39	0	117	255	155	117	5.120	90.573
40	0	116	173	278	116	5.945	195.489
41	0	116	493	256	116	2.160	359.758
42	0	116	432	256	116	2.909	359.674
43	0	116	104	256	116	3.368	180.377
44	0	116	19	256	116	2.160	180.242
45	0	116	339	234	116	5.980	14.199
46	0	115	485	256	115	2.236	359.750
47	0	115	27	256	115	2.236	180.250
48	0	114	510	256	114	2.016	359.774
49	0	114	482	256	114	2.265	359.746
50	0	114	469	256	114	2.404	359.731
51	0	114	461	256	114	2.498	359.721
52	0	114	51	256	114	2.498	180.279
53	0	114	43	256	114	2.404	180.269
54	0	114	30	256	114	2.265	180.254
55	0	114	2	256	114	2.016	180.226
56	0	113	477	256	113	2.317	359.741
57	0	113	35	256	113	2.317	180.259
58	0	112	190	318	112	5.611	223.668
59	0	112	146	300	112	4.308	202.249
60	0	112	457	256	112	2.547	359.715
61	0	112	55	256	112	2.547	180.285
62	0	112	366	212	112	4.335	21.351
63	0	112	322	194	112	5.697	42.745
64	0	111	192	327	111	5.315	228.366
65	0	111	320	185	111	5.398	47.564
66	0	110	257	429	110	2.942	270.329
67	0	110	170	317	110	4.829	215.789
68	0	110	342	195	110	4.883	34.902
69	0	110	255	83	110	2.977	90.333
70	0	107	170	466	107	2.247	247.825
71	0	107	362	413	107	2.691	303.857
72	0	107	344	404	107	2.959	300.566
73	0	107	168	108	107	2.988	120.906
74	0	107	150	99	107	2.715	124.196
75	0	107	342	46	107	2.265	67.634
76	0	105	387	307	105	3.633	338.350
77	0	105	125	205	105	3.651	159.109
78	0	104	107	471	104	1.951	235.402
79	0	104	117	299	104	3.512	197.565
80	0	104	395	213	104	3.526	16.813
81	0	104	405	42	104	1.970	55.026
82	0	103	50	278	103	2.470	186.371
83	0	103	462	234	103	2.473	5.821
84	0	102	426	437	102	2.056	313.047
85	0	102	86	75	102	2.068	133.363
86	0	101	120	428	101	2.327	231.828
87	0	101	51	420	101	1.946	218.830
88	0	101	452	395	101	2.126	324.462
89	0	101	60	117	101	2.136	144.851
90	0	101	461	92	101	1.955	38.489
91	0	101	393	84	101	2.337	51.299
92	0	100	34	508	100	1.521	228.734
93	0	100	366	485	100	2.008	295.560
94	0	100	36	452	100	1.734	221.843
95	0	100	490	424	100	1.774	324.162
96	0	100	6	376	100	1.843	205.827
97	0	100	506	136	100	1.849	25.454
98	0	100	22	88	100	1.781	144.485
99	0	100	476	60	100	1.742	41.553
100	0	100	146	27	100	2.023	115.755
101	0	100	478	4	100	1.528	48.508
102	0	98	484	327	98	2.141	342.474
103	0	98	28	185	98	2.147	162.933
