 	Area	Mean	X	Y	Median	R	Theta
1	0	254	256	256	254	512.000	270.000
2	0	160	282	256	160	19.678	357.797
3	0	160	230	256	160	19.678	182.203
4	0	158	284	256	158	18.274	357.955
5	0	158	228	256	158	18.274	182.045
6	0	156	209	278	156	9.785	206.075
7	0	156	303	234	156	9.946	24.075
8	0	148	293	256	148	13.833	358.452
9	0	148	288	256	148	15.992	358.210
10	0	148	224	256	148	15.992	181.790
11	0	148	219	256	148	13.833	181.548
12	0	139	255	387	139	3.879	269.566
13	0	139	179	279	139	6.348	197.312
14	0	139	333	233	139	6.394	15.945
15	0	139	257	125	139	3.938	89.559
16	0	137	257	387	137	3.879	270.434
17	0	137	255	125	137	3.938	90.441
18	0	131	493	256	131	2.160	359.758
19	0	131	19	256	131	2.160	180.242
20	0	130	485	256	130	2.236	359.750
21	0	130	27	256	130	2.236	180.250
22	0	126	248	388	126	3.843	266.558
23	0	126	264	125	126	3.931	86.479
24	0	121	298	431	121	2.830	283.422
25	0	121	214	82	121	2.876	103.646
26	0	121	246	1	121	2.014	92.255
27	0	116	420	444	116	2.046	310.949
28	0	116	92	68	116	2.058	131.251
29	0	112	9	494	112	1.490	224.057
30	0	112	503	18	112	1.496	43.816
