 	Area	Mean	X	Y	Median	R	Theta
1	0	254	256	256	254	512.000	270.000
2	0	155	276	256	155	25.568	357.138
3	0	155	236	256	155	25.568	182.862
4	0	154	211	279	154	10.039	208.072
5	0	154	301	233	154	10.222	26.053
6	0	153	255	262	153	72.408	261.870
7	0	153	257	250	153	100.411	78.690
8	0	152	257	262	152	72.408	278.130
9	0	152	255	250	152	100.411	101.310
10	0	145	293	256	145	13.833	358.452
11	0	145	219	256	145	13.833	181.548
12	0	138	326	256	138	7.314	359.182
13	0	138	186	256	138	7.314	180.818
14	0	133	257	387	133	3.879	270.434
15	0	133	255	125	133	3.938	90.441
16	0	132	374	256	132	4.339	359.514
17	0	132	138	256	132	4.339	180.486
18	0	130	195	300	130	6.754	216.416
19	0	130	317	212	130	6.860	35.181
20	0	129	255	387	129	3.879	269.566
21	0	129	257	125	129	3.938	89.559
22	0	128	182	302	128	5.840	212.421
23	0	128	330	210	128	5.912	31.304
24	0	126	150	303	126	4.400	204.362
25	0	126	493	256	126	2.160	359.758
26	0	126	19	256	126	2.160	180.242
27	0	126	362	210	126	4.446	23.003
28	0	125	408	256	125	3.368	359.623
29	0	125	104	256	125	3.368	180.377
30	0	124	293	314	124	7.352	302.093
31	0	124	485	256	124	2.236	359.750
32	0	124	440	256	124	2.783	359.689
33	0	124	72	256	124	2.783	180.311
34	0	124	27	256	124	2.236	180.250
35	0	124	219	198	124	7.534	122.989
36	0	123	461	256	123	2.498	359.721
37	0	123	51	256	123	2.498	180.279
38	0	114	129	500	114	1.855	242.599
39	0	114	287	448	114	2.619	279.125
40	0	114	225	64	114	2.646	99.219
41	0	114	383	12	114	1.867	62.407
42	0	110	441	498	110	1.676	307.283
43	0	110	80	293	110	2.844	192.184
44	0	110	432	219	110	2.850	11.560
45	0	110	71	14	110	1.685	127.511
46	0	108	443	403	108	2.147	321.640
47	0	108	5	325	108	1.965	195.583
48	0	108	507	187	108	1.969	15.158
49	0	108	69	109	108	2.158	142.019
50	0	107	5	312	107	1.989	192.794
51	0	107	507	201	107	1.994	12.142
52	0	106	1	469	106	1.538	220.004
