 	Area	Mean	X	Y	Median	R	Theta
1	0	254	256	256	254	512.000	270.000
2	0	170	260	256	170	124.178	345.964
3	0	170	252	256	170	124.178	194.036
4	0	158	276	256	158	25.568	357.138
5	0	158	236	256	158	25.568	182.862
6	0	149	288	256	149	15.992	358.210
7	0	149	224	256	149	15.992	181.790
8	0	148	217	278	148	11.308	210.530
9	0	148	295	234	148	11.559	28.301
10	0	146	255	270	146	34.058	266.186
11	0	146	257	242	146	39.269	85.601
12	0	145	242	273	145	22.453	232.125
13	0	145	293	257	145	13.818	356.906
14	0	145	219	256	145	13.833	181.548
15	0	145	270	239	145	24.082	48.814
16	0	138	306	256	138	10.238	358.854
17	0	138	206	256	138	10.238	181.146
18	0	136	335	256	136	6.480	359.275
19	0	136	314	256	136	8.826	359.012
20	0	136	198	256	136	8.826	180.988
21	0	136	186	256	136	7.314	180.818
22	0	132	257	387	132	3.879	270.434
23	0	132	257	125	132	3.938	89.559
24	0	130	257	314	130	8.677	270.971
25	0	130	255	198	130	8.981	91.005
26	0	129	172	278	129	5.879	195.313
27	0	129	371	256	129	4.452	359.502
28	0	129	141	256	129	4.452	180.498
29	0	129	340	234	129	5.913	14.036
30	0	127	165	303	127	4.977	207.810
31	0	127	346	210	127	5.088	26.565
32	0	124	485	256	124	2.236	359.750
33	0	124	27	256	124	2.236	180.250
34	0	121	497	256	121	2.124	359.762
35	0	121	15	256	121	2.124	180.238
36	0	120	307	304	120	7.239	316.146
37	0	120	509	256	120	2.024	359.774
38	0	120	3	256	120	2.024	180.226
39	0	120	205	208	120	7.382	137.337
40	0	119	257	485	119	2.226	270.249
41	0	119	255	27	119	2.246	90.251
42	0	118	336	291	118	5.836	335.772
43	0	118	176	221	118	5.890	156.975
44	0	117	305	401	117	3.325	288.553
45	0	117	347	324	117	4.483	322.829
46	0	117	165	188	117	4.531	143.637
47	0	117	207	111	117	3.366	108.792
48	0	114	87	352	114	2.628	209.854
49	0	114	425	160	114	2.641	29.342
50	0	113	435	417	113	2.121	317.854
51	0	113	77	95	113	2.133	138.208
52	0	109	436	499	109	1.689	306.416
53	0	109	76	13	109	1.698	126.642
