 	Area	Mean	X	Y	Median	R	Theta
1	0	254	256	256	254	512.000	270.000
2	0	155	209	280	155	9.618	208.009
3	0	155	304	232	155	9.619	25.602
4	0	153	284	256	153	18.274	357.955
5	0	153	228	256	153	18.274	182.045
6	0	152	222	280	152	12.132	216.327
7	0	152	290	232	152	12.473	34.077
8	0	150	255	262	150	72.408	261.870
9	0	150	257	250	150	100.411	78.690
10	0	142	255	277	142	23.249	267.397
11	0	142	297	256	142	12.484	358.603
12	0	142	215	256	142	12.484	181.397
13	0	142	257	235	142	25.568	87.138
14	0	135	326	256	135	7.314	359.182
15	0	135	186	256	135	7.314	180.818
16	0	134	257	387	134	3.879	270.434
17	0	134	255	125	134	3.938	90.441
18	0	133	255	387	133	3.879	269.566
19	0	133	257	125	133	3.938	89.559
20	0	130	165	306	130	4.908	209.268
21	0	130	348	206	130	4.912	28.040
22	0	129	348	256	129	5.565	359.377
23	0	129	164	256	129	5.565	180.623
24	0	126	374	256	126	4.339	359.514
25	0	126	138	256	126	4.339	180.486
26	0	125	358	256	125	5.019	359.438
27	0	125	154	256	125	5.019	180.562
28	0	121	461	256	121	2.498	359.721
29	0	121	454	256	121	2.586	359.711
30	0	121	58	256	121	2.586	180.289
31	0	121	51	256	121	2.498	180.279
32	0	120	493	256	120	2.160	359.758
33	0	120	485	256	120	2.236	359.750
34	0	120	27	256	120	2.236	180.250
35	0	120	19	256	120	2.160	180.242
36	0	119	254	344	119	5.751	268.713
37	0	119	506	256	119	2.048	359.771
38	0	119	6	256	119	2.048	180.229
39	0	119	255	178	119	6.649	90.744
40	0	118	248	387	118	3.872	266.532
41	0	118	254	350	118	5.388	268.794
42	0	118	510	256	118	2.016	359.774
43	0	118	2	256	118	2.016	180.226
44	0	118	258	163	118	5.564	88.755
45	0	118	264	125	118	3.931	86.479
46	0	114	289	504	114	2.038	277.549
47	0	114	257	493	114	2.151	270.241
48	0	114	255	19	114	2.169	90.243
49	0	114	223	9	114	2.063	97.640
50	0	114	215	1	114	1.990	99.169
51	0	113	227	411	113	3.227	259.469
52	0	113	285	101	113	3.267	79.335
53	0	111	370	270	111	4.453	352.504
54	0	111	142	242	111	4.462	173.494
55	0	110	143	375	110	3.106	226.721
56	0	110	369	137	110	3.134	46.240
57	0	109	146	479	109	2.052	243.846
58	0	109	376	461	109	2.148	300.222
59	0	109	409	375	109	2.633	321.892
60	0	109	356	342	109	3.863	318.977
61	0	109	89	333	109	2.778	205.036
62	0	109	423	179	109	2.790	24.470
63	0	109	156	170	109	3.901	139.635
64	0	109	103	137	109	2.650	142.359
65	0	109	136	51	109	2.163	120.466
66	0	109	366	33	109	2.067	63.642
67	0	105	228	439	105	2.751	261.347
68	0	105	284	73	105	2.780	81.254
