 	Area	Mean	X	Y	Median	R	Theta
1	0	254	256	256	254	512.000	270.000
2	0	167	260	256	167	124.178	345.964
3	0	167	252	256	167	124.178	194.036
4	0	147	214	278	147	10.692	208.706
5	0	147	298	234	147	10.903	26.565
6	0	143	293	256	143	13.833	358.452
7	0	143	219	256	143	13.833	181.548
8	0	141	285	256	141	17.645	358.025
9	0	141	227	256	141	17.645	181.975
10	0	134	326	256	134	7.314	359.182
11	0	134	186	256	134	7.314	180.818
12	0	131	257	298	131	11.904	271.332
13	0	131	255	214	131	12.484	91.397
14	0	126	257	386	126	3.908	270.437
15	0	126	257	316	126	8.392	270.939
16	0	126	255	196	126	8.677	90.971
17	0	126	255	126	126	3.969	90.444
18	0	125	374	256	125	4.339	359.514
19	0	125	138	256	125	4.339	180.486
20	0	123	493	256	123	2.160	359.758
21	0	123	403	256	123	3.483	359.610
22	0	123	109	256	123	3.483	180.390
23	0	123	19	256	123	2.160	180.242
24	0	121	146	307	121	4.208	205.301
25	0	121	366	205	121	4.237	24.444
26	0	120	457	256	120	2.547	359.715
27	0	120	55	256	120	2.547	180.285
28	0	119	485	256	119	2.236	359.750
29	0	119	473	256	119	2.359	359.736
30	0	119	454	256	119	2.586	359.711
31	0	119	72	256	119	2.783	180.311
32	0	119	43	256	119	2.404	180.269
33	0	119	27	256	119	2.236	180.250
34	0	116	510	256	116	2.016	359.774
35	0	116	2	256	116	2.016	180.226
36	0	114	264	426	114	2.991	272.679
37	0	114	248	86	114	3.026	92.710
38	0	112	227	504	112	2.042	263.357
39	0	112	211	476	112	2.270	258.491
40	0	112	137	285	112	4.172	194.149
41	0	112	375	227	112	4.188	13.241
42	0	112	301	36	112	2.290	78.389
43	0	112	285	8	112	2.059	83.304
44	0	110	174	368	110	3.667	234.033
45	0	110	365	344	110	3.638	320.768
46	0	110	147	168	110	3.671	141.404
47	0	110	338	144	110	3.710	53.545
48	0	109	129	432	109	2.350	234.340
49	0	109	357	393	109	2.994	306.200
50	0	109	129	356	109	3.155	218.494
51	0	109	383	156	109	3.180	37.937
52	0	109	155	119	109	3.022	126.599
53	0	109	383	81	109	2.377	53.875
54	0	107	425	351	107	2.634	330.401
55	0	107	87	161	107	2.648	150.917
56	0	106	45	506	106	1.561	229.948
57	0	106	76	479	106	1.782	231.216
58	0	106	59	404	106	2.073	217.102
59	0	106	428	122	106	2.355	37.713
60	0	106	453	108	106	2.083	36.730
61	0	106	467	6	106	1.569	49.722
62	0	105	26	415	105	1.827	214.824
63	0	105	486	97	105	1.835	34.487
64	0	103	510	276	103	2.009	355.274
65	0	103	2	236	103	2.010	175.722
