 	Area	Mean	X	Y	Median	R	Theta
1	0	254	256	256	254	512.000	270.000
2	0	155	211	277	155	10.222	206.053
3	0	155	301	235	155	10.397	23.962
4	0	151	288	256	151	15.992	358.210
5	0	151	224	256	151	15.992	181.790
6	0	149	296	256	149	12.796	358.568
7	0	149	219	256	149	13.833	181.548
8	0	142	326	256	142	7.314	359.182
9	0	142	186	256	142	7.314	180.818
10	0	140	335	256	140	6.480	359.275
11	0	140	177	256	140	6.480	180.725
12	0	135	255	387	135	3.879	269.566
13	0	135	257	125	135	3.938	89.559
14	0	134	257	319	134	7.999	270.895
15	0	134	374	256	134	4.339	359.514
16	0	134	138	256	134	4.339	180.486
17	0	134	255	193	134	8.257	90.924
18	0	133	257	387	133	3.879	270.434
19	0	133	255	126	133	3.969	90.444
20	0	131	493	256	131	2.160	359.758
21	0	131	19	256	131	2.160	180.242
22	0	129	403	256	129	3.483	359.610
23	0	129	109	256	129	3.483	180.390
24	0	128	255	424	128	3.030	269.661
25	0	128	333	268	128	6.557	350.417
26	0	128	179	244	128	6.583	171.870
27	0	128	257	88	128	3.066	89.657
28	0	127	485	256	127	2.236	359.750
29	0	127	478	256	127	2.306	359.742
30	0	127	457	256	127	2.547	359.715
31	0	127	55	256	127	2.547	180.285
32	0	127	34	256	127	2.306	180.258
33	0	127	27	256	127	2.236	180.250
34	0	123	490	256	123	2.188	359.755
35	0	123	22	256	123	2.188	180.245
36	0	119	135	443	119	2.290	237.234
37	0	119	377	69	119	2.307	56.954
38	0	118	465	402	118	2.004	324.879
39	0	118	427	402	118	2.271	319.316
40	0	118	85	110	118	2.284	139.704
41	0	118	47	110	118	2.013	145.248
