 	Area	Mean	X	Y	Median	R	Theta
1	0	254	256	256	254	512.000	270.000
2	0	154	255	262	154	72.408	261.870
3	0	154	276	256	154	25.568	357.138
4	0	154	236	256	154	25.568	182.862
5	0	154	257	250	154	100.411	78.690
6	0	151	257	262	151	72.408	278.130
7	0	151	255	250	151	100.411	101.310
8	0	145	209	277	145	9.866	205.084
9	0	145	303	235	145	10.024	23.051
10	0	144	288	256	144	15.992	358.210
11	0	144	224	256	144	15.992	181.790
12	0	138	301	256	138	11.375	358.727
13	0	138	211	256	138	11.375	181.273
14	0	135	326	256	135	7.314	359.182
15	0	135	186	256	135	7.314	180.818
16	0	132	335	256	132	6.480	359.275
17	0	132	177	256	132	6.480	180.725
18	0	129	255	296	129	12.484	268.603
19	0	129	257	293	129	13.469	271.507
20	0	129	255	219	129	14.217	91.591
21	0	129	257	216	129	13.124	88.531
22	0	127	257	388	127	3.850	270.431
23	0	127	255	125	127	3.938	90.441
24	0	125	255	387	125	3.879	269.566
25	0	125	257	125	125	3.938	89.559
26	0	124	374	256	124	4.339	359.514
27	0	124	138	256	124	4.339	180.486
28	0	123	257	324	123	7.420	270.830
29	0	123	255	188	123	7.641	90.855
30	0	121	257	337	121	6.243	270.699
31	0	121	437	256	121	2.829	359.683
32	0	121	75	256	121	2.829	180.317
33	0	121	255	178	121	6.649	90.744
34	0	120	485	256	120	2.236	359.750
35	0	120	461	256	120	2.498	359.721
36	0	120	51	256	120	2.498	180.279
37	0	120	27	256	120	2.236	180.250
38	0	119	493	256	119	2.160	359.758
39	0	119	19	256	119	2.160	180.242
40	0	116	509	256	116	2.024	359.774
41	0	116	3	256	116	2.024	180.226
42	0	115	224	376	115	4.091	255.187
43	0	115	301	314	115	6.900	307.333
44	0	115	211	198	115	7.050	128.290
45	0	115	288	136	115	4.155	74.949
46	0	114	201	393	114	3.447	248.270
47	0	114	311	120	114	3.512	67.834
48	0	113	189	510	113	1.942	255.279
49	0	113	323	2	113	1.956	75.167
50	0	112	187	439	112	2.605	249.444
51	0	112	309	416	112	3.021	288.221
52	0	112	203	96	112	3.055	108.435
53	0	112	325	73	112	2.630	69.237
54	0	111	116	476	111	1.957	237.646
55	0	111	150	343	111	3.716	219.699
56	0	111	80	283	111	2.873	189.039
57	0	111	432	229	111	2.878	8.403
58	0	111	362	169	111	3.751	39.053
59	0	111	396	36	111	1.970	57.410
60	0	110	127	365	110	3.020	220.455
61	0	110	379	324	110	3.630	330.709
62	0	110	133	188	110	3.655	151.422
63	0	110	385	147	110	3.043	39.936
64	0	109	340	457	109	2.340	292.580
65	0	109	97	388	109	2.470	219.912
66	0	109	87	349	109	2.648	209.083
67	0	109	493	265	109	2.158	357.584
68	0	109	19	247	109	2.159	178.067
69	0	109	425	163	109	2.661	28.563
70	0	109	415	124	109	2.485	39.485
71	0	109	172	55	109	2.360	112.782
72	0	108	416	508	108	1.710	302.310
73	0	108	96	4	108	1.720	122.515
74	0	106	32	299	106	2.243	191.113
75	0	106	480	213	106	2.247	10.620
76	0	105	19	493	105	1.524	225.121
77	0	105	496	368	105	1.930	334.787
78	0	105	16	144	105	1.936	155.179
79	0	105	493	19	105	1.531	44.879
80	0	105	64	1	105	1.608	127.086
81	0	98	20	471	98	1.600	222.466
82	0	98	492	41	98	1.607	42.201
