 	Area	Mean	X	Y	Median	R	Theta
1	0	254	256	256	254	512.000	270.000
2	0	170	276	256	170	25.568	357.138
3	0	170	236	256	170	25.568	182.862
4	0	166	227	284	166	12.484	225.000
5	0	166	285	228	166	12.922	42.955
6	0	161	284	256	161	18.274	357.955
7	0	161	228	256	161	18.274	182.045
8	0	155	259	279	155	21.169	277.125
9	0	155	253	233	155	23.059	97.765
10	0	150	301	256	150	11.375	358.727
11	0	150	211	256	150	11.375	181.273
12	0	149	257	387	149	3.879	270.434
13	0	149	255	125	149	3.938	90.441
14	0	146	335	256	146	6.480	359.275
15	0	146	177	256	146	6.480	180.725
16	0	144	318	256	144	8.257	359.076
17	0	144	194	256	144	8.257	180.924
18	0	142	322	256	142	7.757	359.132
19	0	142	190	256	142	7.757	180.868
20	0	141	349	256	141	5.505	359.384
21	0	141	163	256	141	5.505	180.616
22	0	138	374	256	138	4.339	359.514
23	0	138	138	256	138	4.339	180.486
24	0	133	370	256	133	4.491	359.497
25	0	133	142	256	133	4.491	180.503
26	0	131	408	256	131	3.368	359.623
27	0	131	403	256	131	3.483	359.610
28	0	131	109	256	131	3.483	180.390
29	0	131	104	256	131	3.368	180.377
30	0	130	493	256	130	2.160	359.758
31	0	130	473	256	130	2.359	359.736
32	0	130	445	256	130	2.709	359.697
33	0	130	85	256	130	2.994	180.335
34	0	130	39	256	130	2.359	180.264
35	0	130	19	256	130	2.160	180.242
