X	Y
1	3654.838
2	3587.912
3	3535.987
4	3479.430
5	3471.683
6	3483.058
7	3444.179
8	3326.476
9	3389.748
10	3344.402
11	3317.971
12	3331.220
13	3274.073
14	3204.355
15	3198.638
16	3200.875
17	3217.638
18	3164.184
19	3202.302
20	3255.406
21	3186.175
22	3184.989
23	3213.340
24	3171.760
25	3210.955
26	3265.295
27	3250.814
28	3283.348
29	3239.594
30	3272.249
31	3260.840
32	3351.732
33	3255.955
34	3267.101
35	3275.094
36	3285.990
37	3396.212
38	3369.865
39	3326.625
40	3345.715
41	3368.301
42	3406.097
43	3448.830
44	3496.437
45	3500.390
46	3476.424
47	3467.060
48	3549.196
49	3534.304
50	3577.406
51	3563.891
52	3588.852
53	3577.126
54	3581.152
55	3658.277
56	3562.548
57	3558.843
58	3543.126
59	3526.524
60	3536.461
61	3476.273
62	3469.394
63	3516.595
64	3478.059
65	3459.643
66	3416.438
67	3437.677
68	3442.551
69	3483.113
70	3445.755
71	3376.220
72	3439.667
73	3396.198
74	3385.623
75	3397.105
76	3410.836
77	3368.637
78	3284.124
79	3245.524
80	3280.741
81	3266.598
82	3240.704
83	3225.656
84	3253.222
85	3196.058
86	3165.580
87	3233.424
88	3157.594
89	3134.370
90	3045.492
91	3027.000
92	3069.420
93	3014.144
94	3053.325
95	2953.994
96	2946.196
97	3018.094
98	2867.175
99	2905.548
100	2889.603
101	2816.934
102	2856.778
103	2823.401
104	2777.474
105	2771.269
106	2772.094
107	2810.098
108	2690.553
109	2734.204
110	2667.883
111	2630.252
112	2742.464
113	2648.086
114	2678.609
115	2670.307
116	2652.087
117	2612.068
118	2607.414
119	2620.922
120	2593.309
121	2586.659
122	2586.064
123	2594.591
124	2635.559
125	2621.764
126	2579.613
127	2565.072
128	2532.218
129	2520.057
130	2516.149
131	2566.417
132	2502.056
133	2502.659
134	2481.294
135	2434.671
136	2481.959
137	2472.214
138	2500.535
139	2507.275
140	2483.017
141	2470.388
142	106.107
143	92.200
144	95.498
145	22.482
146	21.135
147	30.698
148	37.914
149	1199.311
150	2470.185
151	2517.354
152	2609.471
153	2699.560
154	2731.686
155	3013.596
156	3108.450
157	3280.782
158	3468.318
159	3472.407
160	3772.142
161	3732.908
162	3889.377
163	4156.572
164	4362.231
165	4105.617
166	4230.908
167	4785.795
168	4892.890
169	5023.877
170	4928.918
171	5313.672
172	5828.626
173	5646.222
174	5727.082
175	5521.447
176	6049.995
177	6305.857
178	6239.991
179	6693.280
180	6709.545
181	6744.684
182	6708.255
183	6753.895
184	7027.989
185	6708.604
186	6981.127
187	7380.979
188	7153.066
189	7257.061
190	7289.139
191	7356.062
192	7358.124
193	7406.769
194	7132.953
195	7467.489
196	7865.042
197	7542.914
198	7467.924
199	7574.284
200	7558.934
201	7605.058
202	8148.796
203	7463.763
204	7624.275
205	7215.633
206	7655.289
207	7553.460
208	7589.365
209	8104.839
210	7667.994
211	8014.656
212	7538.363
213	7342.714
214	7497.386
215	7077.962
216	7391.245
217	6938.252
218	7590.564
219	7528.926
220	7398.316
221	7470.086
222	7367.144
223	7277.041
224	7273.077
225	7330.769
226	7693.322
227	7336.279
228	7203.747
229	7096.974
230	7207.394
231	7170.721
232	7122.854
233	7141.489
234	7166.584
235	7156.939
236	7048.431
237	7139.743
238	6981.227
239	6979.890
240	6922.584
241	6902.887
242	6889.398
243	6853.821
244	6933.150
245	6712.177
246	6967.937
247	6701.799
248	6669.916
249	6703.406
250	6689.292
251	6642.792
252	6731.877
253	6606.052
254	6481.520
255	6472.313
256	6422.959
257	6353.060
258	6226.658
259	6245.983
260	6180.003
261	6194.032
262	6009.369
263	6034.900
264	6022.078
265	5993.721
266	5846.750
267	5837.983
268	5837.959
269	5819.989
270	5778.199
271	5755.694
272	5698.547
273	5746.458
274	5703.380
275	5683.369
276	5507.741
277	5576.514
278	5551.456
279	5390.169
280	5464.708
281	5438.114
282	5376.010
283	5322.227
284	5270.085
285	5328.920
286	5288.863
287	5238.750
288	5239.366
289	5177.652
290	5198.006
291	5150.393
292	5167.926
293	5222.633
294	5092.382
295	5073.854
296	5015.179
297	5038.922
298	4987.597
299	4950.739
300	4915.875
301	4883.893
302	4801.768
303	4820.103
304	4844.608
305	4783.860
306	4832.842
307	4659.504
308	4708.147
309	4700.604
310	4623.042
311	4596.544
312	4518.541
313	4422.101
314	4529.629
315	4483.683
316	4445.811
317	4421.601
318	4252.157
319	4322.256
320	4289.292
321	4297.332
322	4298.151
323	4277.067
324	4220.873
325	4273.546
326	4273.404
327	4223.146
328	4247.525
329	4267.905
330	4193.662
331	4203.005
332	4244.326
333	4152.217
334	4145.751
335	4095.667
336	4148.185
337	4131.863
338	4048.931
339	3991.585
340	4014.752
341	4087.927
342	4009.004
343	4002.727
344	3984.917
345	3958.665
346	4032.461
347	4049.220
348	3974.045
349	3923.589
350	3902.435
351	3852.697
352	3879.650
353	3793.089
354	3722.677
355	3804.092
356	3830.884
357	3814.447
358	3812.547
359	3696.867
360	3666.980
361	3634.758
362	3667.469
363	3660.283
364	3668.963
365	3681.233
366	3630.583
367	3620.939
368	3736.702
369	3661.542
370	3692.873
371	3704.497
372	3660.284
373	3656.258
374	3614.032
375	3625.556
376	3610.672
377	3513.006
378	3501.098
379	3486.583
380	3521.089
381	3465.709
382	3466.515
383	3386.899
384	3348.977
385	3402.889
386	3387.259
387	3391.153
388	3353.931
389	3317.127
390	3378.351
391	3397.624
392	3337.826
393	3331.628
394	3287.867
395	3324.403
396	3212.820
397	3342.907
398	3326.719
399	3333.547
400	3388.927
401	3329.382
402	3398.424
403	3384.945
404	3377.549
405	3270.902
406	3330.145
407	3286.824
408	3305.376
409	3224.072
410	3309.736
411	3351.378
412	3384.944
413	3380.855
414	3424.728
415	3478.333
416	3415.698
417	3442.124
418	3395.564
419	3372.339
420	3415.788
421	3372.202
422	3335.825
423	3327.358
424	3316.778
425	3299.792
426	3333.182
427	3372.114
428	3323.090
429	3342.352
430	3604.052
431	3548.331
432	3514.643
433	8.514
434	2931.883
435	2972.049
436	3065.311
437	2966.075
438	2859.313
439	3271.422
440	3195.455
441	3186.400
442	3090.661
443	3015.198
444	3022.872
445	3025.255
446	2944.105
447	2881.204
448	2842.146
449	2764.157
450	2729.518
451	2680.904
452	2632.882
453	2618.156
454	2602.438
455	2559.706
456	2532.290
457	2439.787
458	2439.894
459	2407.647
460	2412.483
461	2348.631
462	2314.019
463	2344.761
464	2293.049
465	2169.350
466	2239.653
467	2140.417
468	2176.876
469	2150.271
470	2130.541
471	2145.954
472	2095.880
473	2056.129
474	2104.763
475	2049.997
476	2012.899
477	1981.300
478	1951.392
479	1926.903
480	1909.526
481	1915.183
482	1908.369
483	1923.163
484	1943.023
485	1895.602
486	1880.155
487	1856.831
488	1856.248
489	1910.448
490	1898.514
491	1884.711
492	1864.509
493	1839.440
494	1803.184
495	1788.755
496	1814.951
497	1801.504
498	1807.784
499	1776.824
500	1797.409
501	1717.856
502	1767.521
503	1767.451
504	1714.078
505	1741.876
506	1744.421
507	1735.512
508	1720.591
509	1741.215
510	1693.321
511	1693.231
512	1688.991
513	1705.860
514	1651.514
515	1704.569
516	1710.210
517	1696.750
518	1677.060
519	1669.103
520	1672.375
521	1691.085
522	1682.373
523	1632.252
524	1663.696
525	1651.862
526	1652.651
527	1684.785
528	1682.276
529	1666.396
530	1710.100
531	1684.433
532	1638.296
533	1631.235
534	1641.100
535	1662.956
536	1659.087
537	1660.354
538	1665.529
539	1650.853
540	1648.683
541	1651.357
542	1654.586
543	1638.000
544	1670.849
545	1650.341
546	1661.927
547	1706.274
548	1666.003
549	1687.859
550	1642.613
551	1655.435
552	1717.383
553	1710.153
554	1670.531
555	1694.132
556	1705.607
557	1679.156
558	1675.100
559	1682.862
560	1715.188
561	1723.513
562	1726.135
563	1717.185
564	1698.604
565	1686.374
566	1713.054
567	1731.378
568	1757.489
569	1730.963
570	1732.211
571	1768.592
572	1732.390
573	1737.619
574	1797.949
575	1791.410
576	1773.155
577	1762.016
578	1755.329
579	1751.632
580	0.000
